1.89
10.05
10.22
10.33
10.37
10.4
10.47
10.47
10.49
10.53
10.59
10.63
10.64
10.68
10.68
10.71
10.73
10.74
10.76
10.78
10.84
10.91
10.94
10.94
10.98
100.3
100.34
100.41
100.44
100.5
100.62
100.7
100.73
100.74
100.81
100.84
100.85
100.88
100.9
100.98
101.01
101.02
101.05
101.28
101.39
101.48
101.53
101.72
101.83
102.03
102.06
102.07
102.14
102.28
102.32
102.37
102.42
102.47
102.57
102.59
102.59
102.59
102.59
102.59
102.59
102.59
102.59
102.59
102.59
102.59
102.59
102.59
102.59
102.59
102.59
102.59
102.59
102.59
102.59
102.59
102.59
102.59
102.59
102.59
102.59
102.59
102.59
102.59
102.59
102.59
102.59
102.59
102.59
102.59
102.59
102.59
102.59
102.59
102.59
102.59
102.59
102.59
102.59
102.59
102.59
102.59
102.59
102.59
102.59
102.59
102.59
102.59
102.59
102.59
102.59
102.59
102.59
102.59
102.59
102.59
102.59
102.59
102.59
102.59
102.59
102.59
102.59
102.59
102.59
102.59
102.59
102.59
102.59
102.59
102.59
102.59
102.59
102.59
102.59
102.59
102.59
102.59
102.59
102.59
102.59
102.59
102.59
102.59
102.59
102.59
102.59
102.59
102.59
102.59
102.59
102.59
102.59
102.59
102.59
102.59
102.59
102.59
102.59
102.59
102.59
102.59
102.59
102.59
102.59
102.59
102.59
102.59
102.59
102.59
102.59
102.59
102.59
102.59
102.59
102.59
102.59
102.59
102.59
102.59
102.59
102.59
102.59
102.59
102.59
102.59
102.59
102.59
102.59
102.59
102.59
102.59
102.59
102.59
102.59
102.59
102.59
102.59
102.59
102.59
102.59
102.59
102.59
102.59
102.59
102.59
102.59
102.59
102.59
102.59
102.59
102.59
102.59
102.59
102.59
102.59
102.59
102.59
102.59
102.59
102.59
102.59
102.59
102.59
102.59
102.59
102.59
102.59
102.59
102.59
102.59
102.59
102.59
102.59
102.59
102.59
102.59
102.59
102.59
102.59
102.59
102.59
102.59
102.59
102.59
102.59
102.59
102.59
102.59
102.59
102.59
102.59
102.59
102.59
102.59
102.59
102.59
102.59
102.59
102.59
102.59
102.59
102.59
102.59
102.59
102.59
102.59
102.59
102.59
102.59
102.59
102.59
102.59
102.59
102.59
102.59
102.59
102.59
102.59
102.59
102.59
102.59
102.59
102.59
102.59
102.59
102.59
102.59
102.59
102.59
102.59
102.59
102.59
102.66
102.68
102.71
102.74
102.98
103.11
103.25
103.27
103.35
103.36
103.55
103.59
103.6
103.65
103.74
104.14
104.36
104.37
104.4
104.43
104.55
104.98
105
105.03
105.15
105.21
105.26
105.28
105.42
105.53
105.59
105.78
105.86
106.12
106.39
106.4
106.65
106.74
106.9
107.03
107.24
107.28
107.34
107.41
107.49
107.62
107.64
107.66
107.74
107.76
107.76
107.95
1078.86
108.01
108.06
108.1
108.2
108.21
108.47
108.53
108.56
108.58
108.69
108.72
108.89
108.92
108.95
108.99
109.08
109.09
109.33
109.53
109.6
109.75
109.87
109.87
109.92
109.93
109.97
109.99
11.03
11.05
11.15
11.21
11.22
11.29
11.32
11.34
11.34
11.42
11.47
11.5
11.51
11.6
11.64
11.66
11.73
11.85
11.87
11.9
11.9
11.95
110.09
110.1
110.24
110.45
110.56
110.58
110.96
111.01
111.03
111.07
111.17
111.2
111.21
111.31
111.34
111.39
111.56
111.63
111.86
111.99
112.41
112.42
112.48
112.5
112.52
112.74
112.77
112.82
112.83
113.04
113.3
113.31
113.57
113.59
113.63
113.75
113.87
113.88
114
114.16
114.35
114.4
114.41
114.54
114.56
114.58
114.58
114.72
115.02
115.28
115.36
115.39
115.48
115.53
115.55
115.59
115.79
116
116.07
116.35
116.71
116.73
116.82
117.09
117.11
117.14
117.22
117.48
117.83
117.85
117.85
118.02
118.04
118.17
118.23
118.33
118.41
118.52
118.52
118.52
118.93
119.11
119.28
119.35
119.56
119.65
119.83
119.9
119.97
12
12
12.01
12.01
12.02
12.05
12.06
12.08
12.09
12.09
12.1
12.18
12.18
12.21
12.22
12.29
12.33
12.33
12.36
12.38
12.41
12.42
12.45
12.46
12.47
12.5
12.52
12.53
12.57
12.58
12.6
12.61
12.61
12.61
12.66
12.68
12.75
12.77
12.79
12.84
12.86
12.96
12.99
120.13
120.35
120.39
120.41
120.71
120.85
121.17
121.51
121.59
121.79
121.82
121.93
122.02
122.16
122.39
122.4
122.44
122.46
122.58
122.65
122.72
122.79
123.03
123.15
123.24
123.24
123.45
123.72
123.76
123.84
123.91
124.03
124.08
124.21
124.53
124.64
124.67
124.73
124.86
125.13
125.14
125.24
125.24
125.36
125.46
125.55
125.57
125.71
125.83
125.86
125.93
125.95
125.97
126.33
126.33
126.46
126.56
127.03
127.13
127.27
127.28
127.41
127.41
127.59
127.66
127.87
128.06
128.11
128.11
128.11
128.11
128.11
128.27
128.36
128.45
128.45
128.45
128.45
128.45
128.45
128.45
128.45
128.45
128.45
128.45
128.45
128.45
128.45
128.45
128.45
128.45
128.45
128.45
128.45
128.45
128.45
128.45
128.45
128.45
128.45
128.45
128.45
128.45
128.45
128.45
128.45
128.53
128.57
128.7
128.76
128.79
129.03
129.28
129.28
129.31
129.31
129.31
129.31
129.31
129.31
129.31
129.31
129.31
129.31
129.31
129.31
129.31
129.31
129.31
129.31
129.31
129.31
129.31
129.31
129.31
129.31
129.31
129.31
129.31
129.31
129.31
129.31
129.31
129.31
129.31
129.31
129.31
129.31
129.31
129.31
129.31
129.31
129.31
129.31
129.31
129.31
129.31
129.31
129.31
129.31
129.31
129.31
129.31
129.31
129.31
129.31
129.31
129.31
129.31
129.31
129.31
129.31
129.31
129.31
129.31
129.31
129.31
129.31
129.31
129.31
129.31
129.31
129.31
129.31
129.31
129.31
129.31
129.31
129.31
129.31
129.31
129.31
129.31
129.31
129.31
129.31
129.31
129.31
129.31
129.31
129.31
129.31
129.31
129.31
129.31
129.31
129.31
129.31
129.31
129.31
129.31
129.31
129.31
129.31
129.31
129.31
129.31
129.31
129.31
129.31
129.31
129.31
129.31
129.31
129.31
129.31
129.31
129.31
129.31
129.31
129.31
129.31
129.31
129.31
129.31
129.31
129.31
129.31
129.31
129.31
129.31
129.31
129.31
129.31
129.31
129.31
129.31
129.31
129.31
129.31
129.31
129.31
129.31
129.31
129.31
129.31
129.31
129.31
129.31
129.31
129.31
129.31
129.31
129.31
129.31
129.31
129.31
129.31
129.31
129.31
129.31
129.31
129.31
129.31
129.31
129.31
129.31
129.31
129.31
129.31
129.31
129.31
129.31
129.31
129.31
129.31
129.31
129.31
129.31
129.31
129.31
129.31
129.31
129.31
129.31
129.35
129.98
13.02
13.02
13.09
13.12
13.13
13.17
13.18
13.19
13.27
13.28
13.28
13.35
13.38
13.39
13.42
13.45
13.5
13.53
13.53
13.57
13.59
13.62
13.63
13.65
13.66
13.69
13.72
13.72
13.74
13.87
13.91
13.91
13.91
13.91
130.04
130.15
130.19
130.41
130.55
130.81
130.84
131.01
131.03
131.05
131.1
131.46
131.49
131.61
132.36
132.38
132.42
132.51
132.57
132.64
132.75
133.22
133.29
133.3
133.48
133.52
133.52
133.59
134.03
134.28
134.36
134.49
134.96
134.97
135.23
135.24
135.25
135.44
135.48
135.57
135.57
135.59
135.64
135.68
135.87
136.45
136.5
136.56
136.56
136.66
136.72
136.84
136.87
136.89
136.93
1369.82
137.07
137.07
137.08
137.25
137.44
137.61
137.66
137.92
138.16
138.16
138.21
138.26
138.34
138.53
138.84
138.99
139
139.06
139.14
139.33
139.41
139.45
139.52
139.76
139.8
139.87
139.87
14.01
14.04
14.07
14.1
14.16
14.18
14.24
14.31
14.32
14.34
14.34
14.39
14.41
14.46
14.51
14.53
14.53
14.54
14.58
14.58
14.59
14.63
14.65
14.7
14.7
14.71
14.74
14.81
14.84
14.87
14.88
14.88
14.91
14.91
14.91
14.95
14.96
14.96
14.96
14.98
140.2
140.23
140.36
140.55
140.59
140.66
140.89
141.3
141.35
141.4
141.47
141.5
141.62
141.65
141.69
142.05
142.07
142.14
142.16
142.16
142.22
142.99
143.03
143.71
143.75
143.76
144.1
144.22
144.72
144.82
144.9
145
145.03
145.22
145.29
145.69
145.69
145.69
145.69
145.69
145.69
145.69
145.69
145.69
145.69
145.69
145.69
145.69
145.69
145.69
145.69
145.69
145.69
145.69
145.69
145.69
145.69
145.69
145.69
145.69
145.69
145.69
145.69
145.72
145.93
146.28
146.52
146.67
146.83
147.2
147.39
147.41
147.52
147.59
147.92
147.99
148.07
148.12
148.15
148.51
148.52
148.67
149.54
149.71
149.74
149.74
149.87
15.03
15.03
15.05
15.07
15.09
15.1
15.16
15.18
15.21
15.26
15.35
15.35
15.41
15.42
15.45
15.47
15.51
15.53
15.54
15.56
15.59
15.66
15.69
15.71
15.72
15.72
15.73
15.79
15.8
15.81
15.84
15.85
15.9
15.97
15.98
15.98
15.98
150.49
150.88
150.92
151
151.02
151.09
151.32
151.34
151.43
151.61
151.76
151.78
151.88
151.88
151.88
151.88
151.88
151.88
152.16
152.31
152.91
152.91
153
153.02
153.11
153.62
153.72
153.79
154.03
154.26
154.28
154.31
154.42
154.59
154.67
155.17
155.24
155.37
155.43
155.64
156.07
156.08
156.08
156.26
157.02
157.15
157.49
157.7
158.28
158.34
158.52
158.61
158.76
159.28
159.32
159.48
159.74
159.81
16.08
16.09
16.12
16.14
16.16
16.16
16.22
16.23
16.26
16.29
16.3
16.3
16.3
16.34
16.34
16.35
16.36
16.41
16.41
16.49
16.5
16.51
16.55
16.55
16.58
16.64
16.66
16.69
16.7
16.73
16.74
16.77
16.82
16.84
16.87
16.94
16.94
16.97
16.97
160.09
160.33
160.63
160.7
161.41
161.79
162.05
162.9
162.93
162.93
162.93
162.93
162.93
162.93
162.93
162.93
162.93
162.93
162.93
162.93
162.93
162.93
162.93
162.93
162.93
162.93
162.93
162.93
162.93
162.93
162.93
162.93
162.93
162.93
162.93
162.93
162.93
162.93
162.93
162.93
162.93
162.93
162.93
162.93
162.93
162.93
162.93
162.93
162.93
162.93
162.93
162.93
162.93
162.93
162.93
162.93
162.93
162.93
162.93
162.93
162.93
162.93
162.93
162.93
162.93
162.93
162.93
162.93
162.93
162.93
162.93
162.93
162.93
162.93
162.93
162.93
162.93
162.93
162.93
162.93
162.93
162.93
162.93
162.93
162.93
162.93
162.93
162.93
162.93
162.93
162.93
162.93
162.93
162.93
162.93
162.93
162.93
162.93
162.93
162.93
162.93
162.93
162.93
162.93
162.93
162.93
162.93
162.93
162.93
162.93
162.93
162.93
162.93
162.93
162.93
162.93
162.93
162.93
162.93
162.93
162.93
162.93
162.93
162.93
162.93
162.93
162.93
162.93
162.93
162.93
162.93
162.93
162.93
162.93
162.93
162.93
162.93
162.93
162.93
162.93
162.93
162.93
162.93
162.93
162.93
162.93
162.93
162.93
162.93
162.93
162.93
162.93
162.93
162.93
162.93
162.93
162.93
162.93
162.93
162.93
162.93
162.93
162.93
162.93
162.93
162.93
162.93
162.93
162.93
162.93
162.93
162.93
162.93
162.93
162.93
162.93
162.93
162.93
162.93
162.93
162.93
162.93
162.93
162.93
162.93
162.93
162.93
162.93
162.93
162.93
162.93
162.93
162.93
162.93
162.93
162.93
162.93
162.93
162.93
162.93
162.93
162.93
162.93
162.93
162.93
162.93
162.93
162.93
162.93
162.93
162.93
162.93
162.93
162.93
162.93
162.93
162.93
162.93
162.93
162.93
162.93
162.93
162.93
162.93
162.93
162.93
162.93
162.93
162.93
162.93
162.93
162.93
162.93
162.93
162.93
162.93
162.93
162.93
162.93
162.93
162.93
162.93
162.93
162.93
162.93
162.93
162.93
162.93
162.93
162.93
162.93
162.93
162.93
162.93
162.93
162.93
162.93
162.93
162.93
162.93
162.93
162.93
162.93
162.93
162.93
162.93
162.93
162.93
162.93
162.93
162.93
162.93
162.93
162.93
162.93
162.93
162.93
162.93
162.93
162.93
162.93
162.93
162.93
162.93
162.93
162.93
162.93
162.93
162.93
162.93
162.93
162.93
162.93
162.93
162.93
162.93
162.93
162.93
162.93
162.93
162.93
162.93
162.93
162.93
162.93
162.93
162.93
162.93
162.93
162.93
162.93
162.93
162.93
162.93
162.93
162.93
162.93
162.93
162.93
162.93
162.93
162.93
162.93
162.93
162.93
162.93
162.93
162.93
162.93
162.93
162.93
162.93
162.93
162.93
162.93
162.93
162.93
162.93
162.93
162.93
162.93
162.93
162.93
162.93
162.93
162.93
162.93
162.93
162.93
162.93
162.93
162.93
162.93
162.93
162.93
162.93
162.93
162.93
162.93
162.93
162.93
162.93
162.93
162.93
162.93
162.93
162.93
162.93
162.93
162.93
162.93
162.93
162.93
162.93
162.93
162.93
162.93
162.93
162.93
162.93
162.93
162.93
162.93
162.93
162.93
162.93
162.93
162.93
162.93
162.93
162.93
162.93
162.93
162.93
162.93
162.93
162.93
162.93
162.93
162.93
162.93
162.93
162.93
162.93
162.93
162.93
162.93
162.93
162.93
162.93
162.93
162.93
162.93
162.93
162.93
162.93
162.93
162.93
162.93
162.93
163.13
163.14
163.22
164.05
164.15
164.27
164.34
164.44
164.47
164.61
165.01
165.31
165.33
166.62
166.72
166.89
167.03
167.11
167.4
168.41
168.74
17.03
17.04
17.06
17.07
17.09
17.14
17.14
17.15
17.17
17.2
17.22
17.25
17.25
17.27
17.31
17.31
17.32
17.33
17.34
17.36
17.37
17.39
17.45
17.47
17.49
17.49
17.49
17.5
17.5
17.51
17.52
17.53
17.62
17.62
17.65
17.68
17.71
17.71
17.72
17.72
17.83
17.93
17.96
17.98
170.62
170.62
170.78
170.86
171.55
171.55
171.55
171.55
171.55
171.55
171.55
171.55
171.55
171.55
171.55
171.55
171.55
171.55
171.55
171.55
171.55
171.55
171.55
171.55
171.55
171.55
171.55
171.55
171.55
171.55
171.55
171.55
171.55
171.55
171.55
171.55
171.55
171.55
171.55
171.55
171.55
171.55
171.55
171.55
171.55
171.55
171.55
171.55
171.55
171.55
171.55
171.55
171.55
171.55
171.55
171.55
171.55
171.55
171.55
171.55
171.55
171.55
171.55
171.55
171.55
171.55
171.55
171.55
171.55
171.55
171.55
171.55
171.55
171.55
171.55
171.55
171.55
171.55
171.55
171.84
172.01
172.01
172.14
172.41
172.41
172.41
172.41
172.41
172.41
172.83
173.23
173.32
173.44
173.67
173.71
174.2
174.29
174.48
174.79
174.8
174.88
174.94
174.95
174.95
175.04
175.61
175.69
175.72
176.01
176.45
176.73
176.85
176.97
177.34
178.17
178.85
178.88
179.04
179.08
179.22
179.5
18.01
18.02
18.03
18.06
18.08
18.1
18.17
18.21
18.24
18.24
18.25
18.26
18.28
18.32
18.35
18.46
18.47
18.48
18.51
18.53
18.53
18.59
18.65
18.66
18.67
18.67
18.67
18.68
18.68
18.68
18.72
18.72
18.73
18.77
18.78
18.79
18.8
18.85
18.86
18.93
18.94
18.97
18.98
18.99
18.99
180.06
180.07
180.34
180.34
180.7
180.75
180.82
180.9
181.15
181.18
182.32
182.53
182.78
183.2
183.34
183.57
183.74
184.48
184.5
184.65
184.75
184.88
185.42
185.59
185.88
186.09
186.22
186.64
187.28
188.1
188.47
188.76
188.79
188.79
188.79
188.79
188.79
188.79
188.79
188.79
188.79
188.79
188.79
188.79
188.79
188.99
189.1
189.15
189.17
189.22
189.22
189.22
189.22
189.22
189.25
189.62
189.65
189.9
19
19
19.01
19.03
19.03
19.05
19.1
19.1
19.2
19.23
19.24
19.27
19.28
19.3
19.31
19.32
19.35
19.35
19.37
19.4
19.41
19.47
19.47
19.47
19.47
19.47
19.53
19.53
19.54
19.54
19.6
19.62
19.64
19.68
19.68
19.72
19.72
19.73
19.74
19.75
19.76
19.76
19.79
19.79
19.84
19.84
19.87
19.89
19.95
190.23
190.4
190.41
190.46
190.61
190.63
190.68
190.82
191.03
191.37
191.98
192.05
192.21
192.62
192.94
193.24
193.47
193.56
193.62
193.69
193.75
193.85
193.89
193.97
194.47
194.55
194.7
194.75
194.85
194.99
195.11
195.17
195.36
195.47
195.88
196.12
196.32
196.35
196.45
196.5
196.93
197.41
197.53
197.58
197.61
197.72
198.42
199.02
199.04
199.1
199.29
199.41
199.46
20
20
20
20.03
20.06
20.11
20.12
20.16
20.18
20.2
20.28
20.29
20.31
20.31
20.32
20.32
20.33
20.34
20.37
20.39
20.41
20.44
20.47
20.47
20.47
20.47
20.47
20.48
20.49
20.5
20.53
20.64
20.66
20.68
20.68
20.69
20.71
20.72
20.72
20.72
20.73
20.75
20.75
20.76
20.81
20.83
20.85
20.86
20.91
20.91
20.93
20.94
20.94
20.95
200
200
200
200
200
200.14
200.29
200.51
200.63
200.63
200.89
200.98
201.74
201.9
202
202.14
202.46
202.72
202.72
202.94
202.95
203.75
204.06
204.39
204.44
204.48
204.59
204.65
204.65
204.71
205
205.03
205.05
205.21
205.24
205.48
205.65
205.65
205.77
205.82
205.92
206.03
206.03
206.03
206.03
206.03
206.03
206.03
206.03
206.03
206.03
206.03
206.03
206.03
206.03
206.03
206.03
206.03
206.03
206.03
206.03
206.03
206.03
206.03
206.03
206.03
206.03
206.03
206.03
206.03
206.03
206.03
206.03
206.03
206.03
206.03
206.03
206.03
206.03
206.03
206.03
206.03
206.03
206.03
206.03
206.03
206.03
206.03
206.03
206.03
206.03
206.03
206.03
206.03
206.03
206.03
206.03
206.03
206.03
206.03
206.03
206.03
206.03
206.03
206.03
206.03
206.03
206.03
206.03
206.03
206.03
206.03
206.03
206.03
206.03
206.03
206.03
206.03
206.03
206.03
206.03
206.04
206.1
206.14
206.15
206.21
206.43
206.47
206.6
206.79
206.97
207.43
207.59
207.65
207.77
207.94
208.1
208.25
208.46
208.46
208.52
208.72
209.11
209.17
209.47
209.59
209.69
209.84
209.91
21
21.02
21.03
21.05
21.06
21.08
21.09
21.09
21.1
21.11
21.12
21.13
21.16
21.17
21.17
21.21
21.22
21.23
21.24
21.27
21.28
21.28
21.29
21.32
21.32
21.33
21.35
21.41
21.44
21.46
21.47
21.47
21.47
21.47
21.5
21.52
21.53
21.53
21.54
21.54
21.55
21.56
21.58
21.59
21.59
21.62
21.63
21.65
21.66
21.66
21.67
21.7
21.7
21.73
21.78
21.79
21.8
21.81
21.84
21.87
21.88
21.89
21.9
21.91
21.93
21.94
21.95
21.96
21.97
21.97
210.09
210.39
210.66
211.41
211.78
212.2
212.56
213.37
213.37
213.42
213.42
213.53
213.56
213.9
214.09
214.18
214.3
214.65
214.65
214.65
214.65
214.65
214.65
214.65
214.65
214.65
214.65
214.65
214.65
214.65
214.65
214.65
214.65
214.65
214.65
214.65
214.65
214.65
214.85
214.87
215
215.52
215.52
215.52
215.97
216.47
216.54
216.62
216.86
217.14
217.24
217.31
217.39
217.66
217.67
217.81
217.95
219.26
219.47
219.58
219.83
22.01
22.01
22.03
22.03
22.04
22.04
22.05
22.05
22.05
22.07
22.08
22.09
22.12
22.13
22.16
22.18
22.2
22.22
22.23
22.26
22.28
22.28
22.29
22.32
22.33
22.33
22.36
22.38
22.4
22.41
22.42
22.42
22.48
22.51
22.52
22.53
22.54
22.55
22.56
22.59
22.59
22.59
22.6
22.7
22.72
22.72
22.73
22.73
22.74
22.75
22.76
22.79
22.8
22.81
22.82
22.82
22.84
22.84
22.85
22.85
22.86
22.89
22.9
22.91
22.91
22.92
22.94
22.95
22.96
22.98
220
220.43
220.44
221.96
222.06
222.33
222.63
222.72
222.78
222.94
223.1
223.17
223.41
223.52
223.63
223.71
224.17
224.35
224.43
225.1
225.34
225.34
226.4
226.62
226.72
227.61
227.66
228.02
228.02
228.02
228.13
228.57
228.57
229.34
229.38
229.73
23
23.04
23.05
23.06
23.06
23.07
23.07
23.07
23.09
23.09
23.12
23.14
23.21
23.28
23.32
23.32
23.32
23.33
23.37
23.37
23.41
23.41
23.42
23.43
23.44
23.45
23.45
23.46
23.46
23.47
23.5
23.51
23.53
23.54
23.54
23.56
23.57
23.6
23.61
23.63
23.64
23.64
23.65
23.68
23.68
23.72
23.72
23.75
23.76
23.76
23.77
23.78
23.79
23.84
23.84
23.85
23.85
23.86
23.88
23.89
23.89
23.9
23.91
23.92
23.93
23.93
23.95
23.95
23.97
230.16
230.22
230.86
230.9
230.94
230.97
231.08
231.36
231.39
231.53
231.9
231.9
231.9
231.9
231.9
231.9
231.9
231.9
231.9
232.09
232.33
232.34
232.52
232.97
233.2
233.51
233.53
233.68
233.68
234.19
234.72
234.9
234.91
235.49
236.45
236.57
236.79
238.05
238.52
238.84
239.23
239.41
239.46
239.65
239.76
24
24.01
24.01
24.01
24.03
24.04
24.05
24.08
24.1
24.1
24.11
24.13
24.13
24.13
24.14
24.18
24.2
24.25
24.25
24.25
24.25
24.32
24.35
24.35
24.36
24.39
24.41
24.42
24.45
24.46
24.46
24.47
24.5
24.51
24.53
24.53
24.53
24.54
24.55
24.55
24.55
24.55
24.61
24.63
24.63
24.65
24.67
24.69
24.72
24.73
24.74
24.75
24.75
24.76
24.79
24.8
24.81
24.82
24.84
24.84
24.84
24.85
24.86
24.91
24.97
24.97
240.15
240.15
240.84
240.95
240.95
240.95
241.03
241.19
241.21
241.28
241.53
241.57
242.28
242.33
242.63
242.65
242.72
242.91
243.02
243.23
244.04
244.11
244.78
244.83
244.89
245.15
245.15
245.64
246.02
246.11
246.64
246.97
247.58
247.79
248.16
248.25
248.25
248.32
248.76
249.14
249.14
249.14
249.14
249.14
249.14
249.14
249.14
249.14
249.14
249.14
249.14
249.14
249.14
249.14
249.14
249.14
249.14
249.14
249.14
249.14
249.14
249.14
249.14
249.14
249.14
249.14
249.14
249.14
249.14
249.14
249.14
249.14
249.14
249.14
249.14
249.14
249.14
249.14
249.14
249.14
249.14
249.14
249.14
249.14
249.14
249.14
249.14
249.14
249.14
249.14
249.14
249.14
249.14
249.14
249.14
249.14
249.14
249.14
249.14
249.14
249.14
249.14
249.14
249.14
249.14
249.14
249.14
249.28
249.8
25.04
25.07
25.11
25.12
25.15
25.16
25.18
25.19
25.21
25.22
25.25
25.26
25.28
25.29
25.31
25.36
25.37
25.39
25.39
25.41
25.41
25.41
25.41
25.41
25.42
25.43
25.44
25.45
25.46
25.47
25.47
25.48
25.48
25.49
25.49
25.5
25.52
25.53
25.54
25.57
25.58
25.59
25.59
25.59
25.62
25.64
25.65
25.65
25.65
25.68
25.7
25.71
25.72
25.72
25.72
25.73
25.74
25.76
25.77
25.77
25.77
25.78
25.78
25.84
25.84
25.84
25.84
25.85
25.85
25.86
25.88
25.88
25.96
25.96
25.97
25.97
250.72
251.02
251.1
251.15
252.11
252.31
252.93
253.47
254.28
256.16
256.23
256.72
256.74
256.81
257.14
257.76
257.76
257.76
257.76
257.76
257.76
257.76
257.76
257.76
257.76
257.76
258.16
258.62
258.62
258.62
258.62
258.62
258.62
258.62
258.62
258.62
258.62
258.62
258.62
258.62
258.62
258.62
258.62
258.62
258.62
258.62
258.62
258.62
258.62
258.62
258.62
258.62
258.62
258.62
258.62
258.62
258.62
258.62
258.62
258.62
258.62
258.62
258.62
258.62
258.62
258.62
258.62
258.62
258.62
258.62
258.62
258.62
258.62
258.62
258.62
258.62
258.62
258.62
258.62
258.62
258.62
258.62
258.62
258.62
258.62
258.62
258.62
258.62
258.62
258.62
258.62
258.62
258.62
258.62
258.62
258.62
258.62
258.62
258.62
258.62
258.62
258.62
258.62
258.62
258.62
258.62
258.62
258.62
258.62
258.62
258.62
258.62
258.62
258.62
258.62
258.62
258.62
258.62
258.62
258.62
258.62
258.62
258.62
258.62
258.62
258.62
258.62
258.62
258.62
258.62
258.62
258.62
258.62
258.62
258.62
258.62
258.62
258.62
258.62
258.62
258.62
258.62
258.62
258.62
258.62
258.62
258.62
258.62
258.62
258.62
258.62
258.62
258.62
258.62
258.62
258.62
258.62
258.62
258.62
258.62
258.62
258.62
258.62
258.62
258.62
258.62
258.62
258.62
258.62
258.62
258.62
258.62
258.62
258.62
258.62
258.62
258.62
258.62
258.62
258.62
258.62
258.62
258.62
258.62
258.62
258.62
258.62
258.62
258.62
258.62
258.62
258.62
258.62
258.62
258.62
258.62
258.62
258.62
258.62
258.62
258.62
258.62
258.62
258.62
258.62
258.62
258.62
258.62
258.62
258.62
258.62
258.62
258.62
258.62
258.62
258.62
258.62
258.62
258.62
258.62
258.62
258.62
258.62
258.62
258.62
258.62
258.62
258.62
258.62
258.62
258.62
258.62
258.62
258.62
258.62
258.62
258.62
258.62
258.62
258.62
258.62
258.62
258.62
258.62
258.62
258.62
258.62
258.62
258.62
258.62
258.62
258.62
258.62
258.62
258.62
258.62
258.62
258.62
258.62
258.62
258.62
258.62
258.62
258.62
258.62
258.62
258.62
258.62
258.62
258.62
258.62
258.62
258.62
258.62
258.62
258.62
258.62
258.62
258.62
258.62
258.62
258.62
258.62
258.62
258.62
258.62
258.62
258.62
258.62
258.62
258.62
258.62
259.73
26
26.01
26.02
26.06
26.08
26.08
26.09
26.14
26.2
26.22
26.22
26.22
26.24
26.25
26.25
26.25
26.25
26.25
26.26
26.28
26.28
26.28
26.28
26.29
26.33
26.33
26.34
26.34
26.35
26.4
26.41
26.41
26.43
26.47
26.48
26.51
26.53
26.53
26.53
26.54
26.56
26.57
26.59
26.6
26.6
26.61
26.61
26.62
26.65
26.66
26.66
26.66
26.67
26.72
26.72
26.73
26.74
26.74
26.74
26.74
26.74
26.75
26.78
26.78
26.78
26.8
26.8
26.84
26.85
26.85
26.9
26.93
26.93
26.95
26.95
26.97
26.97
26.97
26.97
26.97
260.03
260.09
260.4
261.12
261.12
262.21
262.21
262.42
262.65
2627.5
264.39
264.6
264.84
265.27
265.45
266.04
266.42
266.81
266.81
266.81
266.81
266.83
266.89
267.58
268.78
269.02
27
27.01
27.05
27.07
27.07
27.1
27.11
27.12
27.13
27.14
27.14
27.15
27.15
27.16
27.16
27.16
27.22
27.24
27.25
27.28
27.28
27.3
27.31
27.31
27.33
27.34
27.34
27.36
27.38
27.39
27.41
27.43
27.45
27.45
27.47
27.47
27.49
27.5
27.52
27.53
27.56
27.59
27.59
27.6
27.6
27.61
27.62
27.62
27.64
27.64
27.65
27.66
27.66
27.66
27.67
27.72
27.73
27.74
27.75
27.75
27.77
27.77
27.8
27.8
27.84
27.84
27.84
27.84
27.85
27.85
27.87
27.88
27.89
27.9
27.9
27.91
27.91
27.91
27.93
27.94
27.94
27.94
27.94
27.96
27.98
270.38
270.4
270.55
271.12
271.12
271.2
271.34
271.41
271.41
272.5
273.1
273.67
273.89
275
275
276.97
277.39
277.47
277.57
277.85
278.99
279.31
279.34
279.72
28
28
28.01
28.02
28.02
28.02
28.03
28.04
28.08
28.1
28.1
28.1
28.12
28.12
28.13
28.14
28.15
28.15
28.15
28.16
28.16
28.2
28.22
28.22
28.24
28.29
28.3
28.31
28.35
28.36
28.38
28.41
28.41
28.42
28.44
28.46
28.48
28.49
28.51
28.52
28.53
28.54
28.54
28.56
28.56
28.57
28.58
28.59
28.59
28.59
28.6
28.6
28.67
28.69
28.69
28.69
28.7
28.71
28.73
28.74
28.75
28.75
28.77
28.77
28.78
28.79
28.8
28.81
28.82
28.83
28.83
28.84
28.88
28.89
28.91
28.92
28.96
28.97
28.98
28.99
280.97
281.12
281.31
281.35
281.51
281.52
282.15
282.21
282.47
282.52
283.82
284.34
284.36
284.98
285.1
285.37
285.37
285.87
286.04
286.38
287.81
287.98
288.47
288.47
288.84
288.93
289.58
289.62
289.82
29
29.01
29.03
29.03
29.03
29.06
29.07
29.07
29.09
29.09
29.1
29.1
29.11
29.11
29.12
29.15
29.16
29.16
29.16
29.16
29.17
29.18
29.19
29.22
29.22
29.23
29.25
29.25
29.26
29.27
29.29
29.3
29.32
29.34
29.39
29.4
29.41
29.44
29.47
29.47
29.48
29.49
29.5
29.51
29.52
29.52
29.52
29.59
29.59
29.61
29.62
29.65
29.66
29.67
29.71
29.71
29.72
29.72
29.73
29.73
29.74
29.75
29.77
29.78
29.79
29.8
29.84
29.84
29.84
29.85
29.85
29.88
29.88
29.9
29.92
29.94
29.96
29.97
29.99
290.39
290.71
290.99
291.22
291.52
291.52
291.59
292.1
292.43
292.5
292.6
292.67
293.48
293.97
294.08
294.16
294.21
295.57
295.92
297.17
299.94
299.94
3
30
30.02
30.02
30.03
30.03
30.04
30.05
30.05
30.08
30.09
30.09
30.1
30.11
30.11
30.12
30.14
30.15
30.16
30.16
30.16
30.17
30.2
30.21
30.24
30.25
30.27
30.28
30.28
30.28
30.29
30.31
30.32
30.32
30.35
30.36
30.38
30.39
30.41
30.41
30.46
30.48
30.48
30.49
30.5
30.51
30.51
30.52
30.52
30.53
30.53
30.54
30.55
30.56
30.56
30.57
30.58
30.58
30.59
30.59
30.59
30.6
30.63
30.65
30.66
30.67
30.68
30.68
30.7
30.72
30.72
30.74
30.74
30.75
30.76
30.76
30.78
30.83
30.84
30.86
30.87
30.91
30.93
30.94
30.96
30.97
30.99
30.99
30.99
300.27
300.86
300.86
301.1
301.29
301.29
301.53
302.09
302.09
302.39
302.48
302.54
302.65
303.41
303.41
303.46
304.16
305.05
305.14
305.49
305.6
305.6
305.6
305.77
305.96
306.75
308.05
308.72
309.1
309.28
31.01
31.01
31.01
31.02
31.03
31.03
31.1
31.11
31.12
31.13
31.15
31.15
31.16
31.18
31.19
31.19
31.2
31.22
31.23
31.24
31.28
31.28
31.29
31.32
31.32
31.34
31.34
31.34
31.34
31.35
31.35
31.41
31.41
31.41
31.41
31.43
31.44
31.45
31.48
31.5
31.52
31.53
31.53
31.54
31.55
31.55
31.56
31.57
31.57
31.59
31.59
31.59
31.6
31.6
31.6
31.63
31.64
31.64
31.68
31.71
31.71
31.72
31.73
31.74
31.77
31.79
31.8
31.81
31.83
31.84
31.85
31.85
31.86
31.86
31.88
31.9
31.91
31.93
31.95
31.99
310.66
310.68
310.84
310.88
310.99
311.66
311.69
311.94
312.9
313.19
314.04
314.6
314.69
315.14
315.28
315.67
315.84
316.23
316.48
316.9
316.9
317
317.16
317.4
317.65
318.05
318.08
318.11
318.21
318.53
318.65
318.75
319.52
319.91
32
32.01
32.02
32.03
32.03
32.03
32.05
32.06
32.06
32.11
32.11
32.12
32.13
32.14
32.15
32.15
32.17
32.18
32.18
32.19
32.19
32.2
32.2
32.2
32.21
32.22
32.23
32.24
32.24
32.25
32.25
32.26
32.29
32.33
32.37
32.38
32.4
32.41
32.41
32.42
32.42
32.43
32.43
32.43
32.44
32.44
32.48
32.55
32.55
32.59
32.62
32.63
32.64
32.64
32.65
32.65
32.66
32.67
32.68
32.69
32.7
32.71
32.72
32.73
32.75
32.76
32.77
32.78
32.8
32.81
32.83
32.84
32.84
32.84
32.85
32.86
32.86
32.88
32.9
32.93
32.98
32.99
320.03
320.25
320.25
320.46
320.85
321.06
321.84
322.15
322.77
322.96
324.01
324.03
324.07
324.43
324.58
325.1
325.16
325.37
325.52
326.11
326.83
327.52
327.77
327.77
327.8
328.34
328.38
328.53
328.57
328.62
328.72
328.82
328.82
328.97
329.03
329.18
329.75
329.87
33
33.01
33.02
33.03
33.03
33.04
33.05
33.06
33.06
33.07
33.08
33.08
33.08
33.09
33.09
33.09
33.11
33.13
33.13
33.15
33.16
33.17
33.18
33.19
33.2
33.21
33.22
33.24
33.28
33.28
33.28
33.3
33.32
33.33
33.33
33.36
33.39
33.39
33.39
33.4
33.41
33.41
33.42
33.43
33.44
33.45
33.45
33.47
33.47
33.47
33.47
33.47
33.5
33.52
33.52
33.53
33.53
33.55
33.55
33.61
33.62
33.63
33.66
33.68
33.69
33.72
33.77
33.77
33.78
33.79
33.79
33.81
33.82
33.84
33.84
33.88
33.88
33.9
33.9
33.91
33.91
33.91
33.92
33.96
33.97
33.97
33.98
33.99
330.04
331.16
331.48
332.15
332.64
333.11
333.13
333.16
333.62
333.62
333.62
333.62
333.62
334.16
334.52
334.58
334.6
334.63
335.35
335.35
335.35
335.35
335.35
335.35
335.35
335.35
335.35
335.35
335.35
335.35
335.35
335.35
335.35
335.35
335.35
335.35
335.35
335.35
335.35
335.35
335.35
335.78
336.01
336.04
336.09
336.32
337.3
337.53
337.74
338.92
338.97
339.09
339.41
34
34.03
34.05
34.05
34.07
34.07
34.09
34.11
34.11
34.12
34.13
34.14
34.15
34.16
34.17
34.2
34.2
34.2
34.2
34.2
34.2
34.21
34.22
34.22
34.22
34.23
34.28
34.3
34.33
34.34
34.35
34.35
34.35
34.37
34.37
34.39
34.4
34.41
34.41
34.45
34.45
34.47
34.48
34.48
34.5
34.51
34.52
34.55
34.55
34.56
34.57
34.57
34.59
34.59
34.59
34.63
34.63
34.64
34.68
34.68
34.69
34.7
34.71
34.71
34.73
34.75
34.75
34.81
34.81
34.83
34.84
34.84
34.84
34.84
34.85
34.88
34.88
34.88
34.9
34.91
34.91
34.92
34.97
34.99
34.99
340.28
341.64
341.92
341.95
342.59
343.01
343.39
343.78
343.97
343.97
343.97
343.97
343.97
344
344.37
344.4
344.4
344.4
344.4
344.52
344.83
344.83
344.83
345.31
346.08
346.88
347.11
347.48
347.49
349.62
35.03
35.03
35.03
35.04
35.05
35.06
35.07
35.08
35.09
35.09
35.11
35.11
35.11
35.12
35.12
35.13
35.15
35.16
35.16
35.18
35.19
35.21
35.22
35.25
35.27
35.27
35.27
35.28
35.28
35.28
35.28
35.29
35.29
35.29
35.32
35.35
35.35
35.4
35.43
35.43
35.45
35.45
35.48
35.49
35.57
35.58
35.59
35.61
35.62
35.62
35.62
35.65
35.66
35.66
35.66
35.66
35.68
35.72
35.72
35.72
35.74
35.74
35.75
35.76
35.77
35.78
35.78
35.81
35.81
35.81
35.84
35.86
35.86
35.87
35.87
35.89
35.89
35.91
35.91
35.92
35.94
35.97
35.97
35.98
35.99
350.05
350.87
351.28
351.64
351.83
353.02
353.09
353.55
354.12
356.78
357.61
357.74
358.5
358.67
358.67
358.68
358.74
358.82
359.91
36.02
36.03
36.04
36.05
36.06
36.07
36.11
36.11
36.13
36.15
36.15
36.15
36.16
36.16
36.16
36.18
36.19
36.2
36.2
36.2
36.2
36.22
36.24
36.25
36.25
36.25
36.26
36.27
36.28
36.28
36.3
36.33
36.34
36.37
36.41
36.41
36.46
36.46
36.47
36.48
36.48
36.5
36.5
36.5
36.53
36.54
36.56
36.57
36.57
36.58
36.59
36.59
36.61
36.63
36.65
36.66
36.66
36.67
36.67
36.68
36.68
36.69
36.69
36.69
36.71
36.71
36.72
36.72
36.72
36.73
36.74
36.78
36.81
36.84
36.84
36.84
36.87
36.9
36.96
36.99
360.39
360.79
361.49
361.78
362.24
362.44
362.84
363.03
364.9
365.04
365.21
366.59
367.43
368.57
368.61
369.18
369.57
37
37
37
37.02
37.03
37.03
37.03
37.03
37.04
37.04
37.05
37.07
37.11
37.12
37.12
37.12
37.13
37.14
37.14
37.16
37.16
37.16
37.17
37.17
37.18
37.22
37.22
37.24
37.24
37.24
37.27
37.28
37.28
37.29
37.34
37.35
37.35
37.37
37.38
37.4
37.4
37.41
37.45
37.47
37.48
37.5
37.51
37.52
37.53
37.55
37.56
37.58
37.61
37.63
37.64
37.64
37.65
37.69
37.7
37.7
37.71
37.73
37.74
37.74
37.74
37.76
37.78
37.82
37.84
37.84
37.84
37.85
37.9
37.91
37.91
37.94
37.94
37.96
37.97
37.97
37.97
37.98
370.26
371.57
371.62
371.62
372.21
372.77
373.17
373.88
374.86
375.1
375.34
376.13
376.42
378.78
379.2
379.36
379.42
379.72
379.83
38
38.02
38.04
38.1
38.1
38.11
38.12
38.13
38.13
38.14
38.14
38.15
38.16
38.2
38.2
38.2
38.23
38.26
38.28
38.29
38.3
38.32
38.32
38.34
38.35
38.35
38.35
38.36
38.39
38.4
38.4
38.42
38.45
38.45
38.47
38.47
38.51
38.51
38.51
38.56
38.56
38.58
38.59
38.63
38.65
38.65
38.66
38.67
38.71
38.73
38.74
38.82
38.84
38.84
38.86
38.87
38.87
38.89
38.93
38.93
38.94
38.96
38.97
38.99
380.62
380.72
380.72
381.31
381.91
382.19
382.43
382.92
383.88
383.88
383.91
384.95
385.1
385.11
385.63
386.16
386.16
387.1
387.34
387.9
388.62
389.86
39.02
39.02
39.03
39.03
39.04
39.05
39.05
39.05
39.06
39.06
39.06
39.07
39.07
39.08
39.09
39.1
39.1
39.11
39.12
39.13
39.13
39.15
39.15
39.15
39.16
39.17
39.18
39.18
39.18
39.19
39.24
39.24
39.27
39.28
39.28
39.29
39.3
39.3
39.31
39.33
39.34
39.36
39.36
39.38
39.38
39.39
39.4
39.4
39.42
39.46
39.46
39.46
39.47
39.47
39.5
39.53
39.54
39.55
39.58
39.59
39.59
39.65
39.66
39.66
39.7
39.7
39.8
39.83
39.89
39.95
39.97
39.98
39.99
390.36
390.36
390.36
390.36
390.36
390.63
391.48
391.57
392
392.32
392.7
393.39
393.86
395.47
395.47
396.37
396.55
396.69
396.9
397.12
397.17
397.94
398.05
398.37
398.38
398.65
398.71
4.9
40.01
40.06
40.08
40.09
40.13
40.16
40.18
40.22
40.23
40.23
40.23
40.27
40.28
40.32
40.32
40.32
40.34
40.34
40.42
40.43
40.45
40.46
40.46
40.47
40.49
40.5
40.52
40.53
40.53
40.55
40.56
40.56
40.59
40.59
40.6
40.6
40.62
40.62
40.62
40.62
40.65
40.66
40.66
40.66
40.66
40.68
40.7
40.71
40.72
40.72
40.72
40.74
40.74
40.75
40.76
40.78
40.78
40.79
40.8
40.85
40.86
40.88
40.9
40.94
40.94
40.97
40.98
400.41
400.55
403.58
404.27
404.34
405.26
405.37
405.51
405.51
405.51
405.51
405.68
405.68
405.96
406.22
406.49
407.69
407.79
408.21
408.38
408.99
409.54
41
41
41.01
41.03
41.03
41.03
41.05
41.06
41.06
41.07
41.07
41.1
41.1
41.12
41.13
41.13
41.14
41.14
41.16
41.16
41.17
41.17
41.17
41.19
41.2
41.21
41.21
41.24
41.24
41.31
41.32
41.33
41.34
41.38
41.4
41.42
41.42
41.45
41.46
41.47
41.47
41.48
41.49
41.52
41.52
41.53
41.53
41.54
41.54
41.56
41.58
41.59
41.6
41.61
41.62
41.62
41.62
41.64
41.64
41.65
41.67
41.68
41.68
41.69
41.72
41.72
41.73
41.73
41.75
41.76
41.76
41.76
41.76
41.77
41.82
41.84
41.84
41.84
41.87
41.88
41.9
41.9
41.91
41.91
41.92
41.92
41.92
41.94
41.96
41.99
410.17
410.97
411.69
412.05
412.11
412.91
413.27
413.48
413.49
415.58
415.77
415.77
416.53
416.8
418.03
418.07
418.1
418.33
418.4
418.6
419.22
419.62
42.03
42.03
42.03
42.04
42.05
42.05
42.06
42.13
42.15
42.16
42.17
42.2
42.21
42.22
42.23
42.24
42.27
42.28
42.31
42.32
42.32
42.34
42.34
42.39
42.45
42.46
42.47
42.47
42.47
42.47
42.49
42.52
42.53
42.53
42.54
42.57
42.57
42.59
42.59
42.61
42.61
42.67
42.67
42.72
42.72
42.72
42.72
42.72
42.73
42.73
42.76
42.79
42.8
42.82
42.86
42.88
42.9
42.9
42.92
42.94
42.95
42.95
42.97
42.98
42.99
42.99
420.32
420.48
420.58
422.31
422.45
422.59
423.63
423.72
423.72
423.72
425.42
425.67
426.21
426.88
428.45
429.5
43.01
43.04
43.05
43.09
43.1
43.11
43.11
43.11
43.16
43.17
43.18
43.18
43.18
43.2
43.25
43.25
43.28
43.34
43.34
43.39
43.48
43.49
43.53
43.54
43.55
43.57
43.59
43.59
43.61
43.62
43.62
43.66
43.66
43.67
43.7
43.72
43.73
43.74
43.75
43.77
43.78
43.78
43.78
43.78
43.78
43.79
43.79
43.79
43.8
43.82
43.84
43.85
43.85
43.85
43.86
43.9
43.91
43.91
43.91
43.94
43.94
43.95
43.96
43.96
43.99
430.68
430.94
431.03
431.03
431.03
431.03
431.03
431.03
431.03
431.03
431.03
431.03
431.03
431.03
431.03
431.03
431.03
431.03
431.03
431.03
431.03
431.03
431.03
431.03
431.03
431.03
431.03
431.03
431.03
431.03
431.03
431.03
431.03
431.03
431.03
431.03
431.03
431.03
431.03
431.03
431.03
431.03
431.03
431.03
431.03
431.03
431.03
431.03
431.03
431.03
431.03
431.03
431.03
431.03
431.03
431.03
431.03
431.03
431.03
431.03
431.03
431.03
431.03
431.03
431.03
431.03
431.03
431.03
431.03
431.03
431.03
431.03
431.03
431.03
431.03
431.03
431.03
431.03
431.03
431.03
431.03
431.03
431.03
431.03
431.03
431.03
431.03
431.03
431.03
431.03
431.03
431.03
431.03
431.03
431.03
431.03
431.03
431.03
431.03
431.03
431.03
431.03
431.03
431.03
431.03
431.03
431.03
431.03
431.03
431.03
431.03
431.03
431.03
431.03
431.03
431.03
431.03
431.03
431.03
431.03
431.03
431.03
431.03
431.03
431.03
431.03
431.03
431.03
431.03
431.03
431.03
431.03
431.03
431.03
431.03
431.03
431.03
431.03
431.03
431.03
431.03
431.03
431.03
431.03
431.03
431.03
431.03
431.03
431.03
431.03
431.03
431.03
431.03
431.03
431.03
431.25
431.3
432.14
432.37
432.37
434.01
434.02
434.03
434.6
434.8
434.97
435.76
435.78
435.96
436.15
436.71
436.98
44
44
44.09
44.12
44.12
44.15
44.15
44.16
44.17
44.18
44.21
44.22
44.22
44.24
44.24
44.25
44.26
44.27
44.28
44.28
44.28
44.28
44.3
44.3
44.31
44.32
44.34
44.34
44.34
44.41
44.42
44.43
44.44
44.44
44.47
44.47
44.48
44.48
44.48
44.5
44.58
44.58
44.59
44.59
44.6
44.62
44.64
44.68
44.69
44.69
44.7
44.74
44.75
44.78
44.78
44.79
44.82
44.84
44.86
44.87
44.89
44.9
44.9
44.9
44.91
44.91
44.91
44.94
44.96
44.97
44.97
44.98
44.99
440.31
440.37
441.16
441.4
441.5
443.23
443.31
443.35
443.47
443.52
444.15
444.93
444.93
445.24
445.63
447.2
447.34
447.41
447.7
447.78
448.29
448.35
448.36
448.57
448.94
449.36
449.52
449.66
45
45
45.03
45.05
45.05
45.05
45.06
45.07
45.07
45.09
45.09
45.1
45.15
45.17
45.22
45.22
45.22
45.27
45.27
45.27
45.28
45.29
45.31
45.34
45.34
45.34
45.34
45.35
45.35
45.36
45.37
45.38
45.39
45.4
45.41
45.41
45.42
45.44
45.44
45.44
45.45
45.45
45.47
45.5
45.51
45.53
45.53
45.54
45.57
45.58
45.58
45.58
45.59
45.59
45.59
45.59
45.63
45.64
45.64
45.65
45.66
45.66
45.66
45.68
45.68
45.71
45.71
45.73
45.73
45.73
45.75
45.76
45.77
45.78
45.78
45.79
45.81
45.82
45.82
45.84
45.85
45.86
45.86
45.86
45.91
45.91
45.91
45.92
45.92
45.96
45.98
45.99
450.6
451.87
452.79
452.87
453.27
453.56
455.6
455.95
457
457.25
458.01
458.5
459.4
459.58
46.01
46.01
46.07
46.07
46.08
46.08
46.09
46.09
46.09
46.1
46.16
46.16
46.18
46.19
46.21
46.23
46.26
46.28
46.3
46.3
46.31
46.32
46.36
46.4
46.42
46.42
46.47
46.47
46.48
46.49
46.5
46.53
46.55
46.55
46.55
46.56
46.57
46.59
46.59
46.6
46.61
46.62
46.62
46.63
46.63
46.63
46.64
46.66
46.66
46.68
46.69
46.73
46.76
46.77
46.78
46.78
46.78
46.8
46.83
46.83
46.84
46.84
46.85
46.88
46.9
46.91
46.91
46.96
46.97
46.97
46.99
461.1
461.5
462.25
463.22
464.76
468.58
47.01
47.05
47.06
47.08
47.09
47.09
47.1
47.1
47.12
47.15
47.17
47.17
47.2
47.2
47.2
47.22
47.25
47.27
47.27
47.3
47.3
47.31
47.34
47.34
47.38
47.42
47.42
47.43
47.43
47.44
47.44
47.44
47.45
47.47
47.47
47.48
47.48
47.49
47.5
47.52
47.52
47.53
47.59
47.6
47.61
47.61
47.62
47.66
47.67
47.69
47.72
47.73
47.76
47.77
47.77
47.83
47.84
47.84
47.84
47.86
47.87
47.87
47.87
47.91
47.91
47.91
47.92
47.94
47.94
47.95
47.96
47.98
47.98
471.44
476.79
479.97
48
48.02
48.03
48.04
48.05
48.05
48.06
48.06
48.09
48.09
48.09
48.1
48.11
48.13
48.15
48.16
48.16
48.18
48.2
48.21
48.21
48.22
48.23
48.23
48.23
48.26
48.27
48.27
48.28
48.31
48.31
48.35
48.42
48.44
48.46
48.47
48.47
48.49
48.58
48.59
48.59
48.59
48.6
48.63
48.64
48.64
48.64
48.66
48.66
48.68
48.68
48.73
48.75
48.78
48.78
48.78
48.79
48.8
48.8
48.81
48.83
48.84
48.84
48.85
48.87
48.9
48.9
48.9
48.91
48.92
48.93
48.93
48.93
48.96
48.98
49.01
49.03
49.05
49.06
49.08
49.09
49.09
49.11
49.11
49.14
49.17
49.2
49.2
49.24
49.26
49.26
49.27
49.27
49.27
49.27
49.27
49.28
49.28
49.28
49.28
49.32
49.32
49.34
49.34
49.34
49.37
49.39
49.39
49.41
49.42
49.44
49.46
49.47
49.48
49.55
49.55
49.58
49.59
49.68
49.69
49.7
49.73
49.73
49.75
49.76
49.78
49.79
49.8
49.8
49.82
49.83
49.83
49.84
49.84
49.85
49.88
49.89
49.9
49.91
49.96
49.96
49.99
49.99
5.3
5.43
5.58
5.62
5.92
5.93
50
50.01
50.01
50.04
50.05
50.08
50.09
50.09
50.1
50.11
50.11
50.11
50.16
50.18
50.19
50.22
50.24
50.25
50.26
50.28
50.32
50.32
50.34
50.34
50.34
50.35
50.42
50.42
50.45
50.47
50.47
50.47
50.51
50.53
50.53
50.54
50.55
50.59
50.59
50.6
50.61
50.63
50.63
50.64
50.65
50.67
50.67
50.67
50.68
50.72
50.72
50.72
50.72
50.73
50.75
50.77
50.77
50.78
50.8
50.81
50.83
50.85
50.87
50.87
50.88
50.89
50.92
50.93
50.94
50.95
50.95
50.96
50.97
50.99
507.76
507.76
507.76
507.76
507.76
507.76
507.76
507.76
507.76
507.76
507.76
507.76
507.76
507.76
507.76
507.76
507.76
507.76
507.76
507.76
507.76
507.76
507.76
507.76
507.76
507.76
507.76
507.76
507.76
507.76
507.76
507.76
507.76
507.76
507.76
507.76
507.76
507.76
507.76
507.76
507.76
507.76
507.76
507.76
507.76
507.76
507.76
507.76
507.76
507.76
507.76
507.76
507.76
507.76
507.76
507.76
507.76
507.76
507.76
507.76
507.76
507.76
507.76
507.76
507.76
507.76
507.76
507.76
507.76
507.76
507.76
507.76
507.76
507.76
507.76
507.76
507.76
507.76
507.76
507.76
507.76
507.76
507.76
507.76
507.76
507.76
507.76
507.76
507.76
507.76
507.76
507.76
507.76
507.76
507.76
507.76
507.76
507.76
507.76
507.76
507.76
507.76
507.76
507.76
507.76
507.76
507.76
507.76
507.76
507.76
507.76
507.76
507.76
507.76
507.76
507.76
507.76
507.76
507.76
507.76
507.76
507.76
507.76
507.76
507.76
507.76
507.76
507.76
507.76
507.76
507.76
507.76
507.76
507.76
507.76
507.76
507.76
507.76
507.76
507.76
507.76
507.76
507.76
507.76
507.76
507.76
507.76
507.76
507.76
507.76
507.76
507.76
507.76
507.76
507.76
507.76
507.76
507.76
507.76
507.76
507.76
507.76
507.76
507.76
507.76
507.76
507.76
507.76
507.76
507.76
507.76
507.76
507.76
507.76
507.76
507.76
507.76
507.76
507.76
507.76
507.76
507.76
507.76
507.76
507.76
507.76
507.76
507.76
507.76
507.76
507.76
507.76
507.76
507.76
507.76
507.76
507.76
507.76
507.76
507.76
507.76
507.76
507.76
507.76
507.76
507.76
507.76
507.76
507.76
507.76
507.76
507.76
507.76
507.76
507.76
507.76
507.76
507.76
507.76
507.76
507.76
507.76
507.76
507.76
507.76
507.76
507.76
507.76
507.76
507.76
507.76
507.76
507.76
507.76
507.76
507.76
507.76
507.76
507.76
507.76
507.76
507.76
507.76
507.76
507.76
507.76
507.76
507.76
507.76
507.76
507.76
507.76
507.76
507.76
507.76
507.76
507.76
507.76
507.76
507.76
507.76
507.76
507.76
507.76
507.76
507.76
507.76
507.76
507.76
507.76
507.76
507.76
507.76
507.76
507.76
507.76
507.76
507.76
507.76
507.76
507.76
507.76
507.76
507.76
507.76
507.76
507.76
507.76
507.76
507.76
507.76
507.76
507.76
507.76
507.76
507.76
507.76
507.76
507.76
507.76
507.76
507.76
507.76
507.76
507.76
507.76
507.76
507.76
507.76
507.76
507.76
507.76
507.76
507.76
507.76
507.76
507.76
507.76
507.76
507.76
507.76
507.76
507.76
507.76
507.76
507.76
507.76
507.76
507.76
507.76
507.76
507.76
507.76
507.76
507.76
507.76
507.76
507.76
507.76
507.76
507.76
507.76
507.76
507.76
507.76
507.76
507.76
507.76
507.76
507.76
507.76
507.76
507.76
507.76
507.76
507.76
507.76
507.76
507.76
507.76
507.76
507.76
507.76
507.76
507.76
507.76
507.76
507.76
507.76
507.76
507.76
507.76
507.76
507.76
507.76
507.76
507.76
507.76
507.76
507.76
507.76
507.76
507.76
507.76
507.76
507.76
507.76
507.76
507.76
507.76
507.76
507.76
507.76
507.76
507.76
507.76
507.76
507.76
507.76
507.76
507.76
507.76
507.76
507.76
507.76
507.76
507.76
507.76
507.76
507.76
507.76
507.76
507.76
507.76
507.76
507.76
507.76
507.76
507.76
507.76
507.76
507.76
507.76
507.76
507.76
507.76
507.76
507.76
507.76
507.76
507.76
507.76
507.76
507.76
507.76
507.76
507.76
507.76
507.76
507.76
507.76
507.76
507.76
507.76
507.76
507.76
507.76
507.76
507.76
507.76
507.76
507.76
507.76
507.76
507.76
507.76
507.76
507.76
507.76
507.76
507.76
507.76
507.76
507.76
507.76
507.76
507.76
507.76
507.76
507.76
507.76
507.76
507.76
507.76
507.76
507.76
507.76
507.76
507.76
507.76
507.76
507.76
507.76
507.76
507.76
507.76
507.76
507.76
507.76
507.76
507.76
507.76
507.76
507.76
507.76
507.76
507.76
507.76
507.76
507.76
507.76
507.76
507.76
507.76
507.76
507.76
507.76
507.76
507.76
507.76
507.76
507.76
507.76
507.76
507.76
507.76
507.76
507.76
507.76
507.76
507.76
507.76
507.76
507.76
507.76
507.76
507.76
507.76
507.76
507.76
507.76
507.76
507.76
507.76
507.76
507.76
507.76
507.76
507.76
507.76
507.76
507.76
507.76
507.76
507.76
507.76
507.76
507.76
507.76
507.76
507.76
507.76
507.76
507.76
507.76
507.76
507.76
507.76
507.76
507.76
507.76
507.76
507.76
507.76
507.76
507.76
507.76
507.76
507.76
507.76
507.76
507.76
507.76
507.76
507.76
507.76
507.76
507.76
507.76
507.76
507.76
507.76
507.76
507.76
507.76
507.76
507.76
507.76
507.76
507.76
507.76
507.76
507.76
507.76
507.76
507.76
507.76
507.76
507.76
507.76
507.76
507.76
507.76
507.76
507.76
507.76
507.76
507.76
507.76
507.76
507.76
507.76
507.76
507.76
507.76
507.76
507.76
507.76
507.76
507.76
507.76
507.76
507.76
507.76
507.76
507.76
507.76
507.76
507.76
507.76
507.76
507.76
507.76
507.76
507.76
507.76
507.76
507.76
507.76
507.76
507.76
507.76
507.76
507.76
507.76
507.76
507.76
507.76
507.76
507.76
507.76
507.76
507.76
507.76
507.76
507.76
507.76
507.76
507.76
507.76
507.76
507.76
507.76
507.76
507.76
507.76
507.76
507.76
507.76
507.76
507.76
507.76
507.76
507.76
507.76
507.76
507.76
507.76
507.76
507.76
507.76
507.76
507.76
507.76
507.76
507.76
507.76
507.76
507.76
507.76
507.76
507.76
507.76
507.76
507.76
507.76
507.76
507.76
507.76
507.76
507.76
507.76
507.76
507.76
507.76
507.76
507.76
507.76
507.76
507.76
507.76
507.76
507.76
507.76
507.76
507.76
507.76
507.76
507.76
507.76
507.76
507.76
507.76
507.76
507.76
507.76
507.76
507.76
507.76
507.76
507.76
507.76
507.76
507.76
507.76
507.76
507.76
507.76
507.76
507.76
507.76
507.76
507.76
507.76
507.76
507.76
507.76
507.76
507.76
507.76
507.76
507.76
507.76
507.76
507.76
507.76
507.76
507.76
507.76
507.76
507.76
507.76
507.76
507.76
507.76
507.76
507.76
507.76
507.76
507.76
507.76
507.76
507.76
507.76
507.76
507.76
507.76
507.76
507.76
507.76
507.76
507.76
507.76
507.76
507.76
507.76
507.76
507.76
507.76
507.76
507.76
507.76
507.76
507.76
507.76
507.76
507.76
507.76
507.76
507.76
507.76
507.76
507.76
507.76
507.76
507.76
507.76
507.76
507.76
507.76
507.76
507.76
507.76
507.76
507.76
507.76
507.76
507.76
507.76
507.76
507.76
507.76
507.76
507.76
507.76
507.76
507.76
507.76
507.76
507.76
507.76
507.76
507.76
507.76
507.76
507.76
507.76
507.76
507.76
507.76
507.76
507.76
507.76
507.76
507.76
507.76
507.76
507.76
507.76
507.76
507.76
507.76
507.76
507.76
507.76
507.76
507.76
507.76
507.76
507.76
507.76
507.76
507.76
507.76
507.76
507.76
507.76
507.76
507.76
507.76
507.76
507.76
507.76
507.76
507.76
507.76
507.76
507.76
507.76
507.76
507.76
507.76
507.76
507.76
507.76
507.76
507.76
507.76
507.76
507.76
507.76
507.76
507.76
507.76
507.76
507.76
507.76
507.76
507.76
507.76
507.76
507.76
507.76
507.76
507.76
507.76
507.76
507.76
507.76
507.76
507.76
507.76
507.76
507.76
507.76
507.76
507.76
507.76
507.76
507.76
507.76
507.76
507.76
507.76
507.76
507.76
507.76
507.76
507.76
507.76
507.76
507.76
507.76
507.76
507.76
507.76
507.76
507.76
507.76
507.76
507.76
507.76
507.76
507.76
507.76
507.76
507.76
507.76
507.76
507.76
507.76
507.76
507.76
507.76
507.76
507.76
507.76
507.76
507.76
507.76
507.76
507.76
507.76
507.76
507.76
507.76
507.76
507.76
507.76
507.76
507.76
507.76
507.76
507.76
507.76
507.76
507.76
507.76
507.76
507.76
507.76
507.76
507.76
507.76
507.76
507.76
507.76
507.76
507.76
507.76
507.76
507.76
507.76
507.76
507.76
507.76
507.76
507.76
507.76
507.76
507.76
507.76
507.76
507.76
507.76
507.76
507.76
507.76
507.76
507.76
507.76
507.76
507.76
507.76
507.76
507.76
507.76
507.76
507.76
507.76
507.76
507.76
507.76
507.76
507.76
51.01
51.01
51.03
51.04
51.04
51.06
51.09
51.09
51.11
51.12
51.16
51.23
51.23
51.24
51.34
51.4
51.44
51.45
51.47
51.47
51.5
51.5
51.54
51.54
51.55
51.56
51.59
51.59
51.61
51.61
51.61
51.61
51.63
51.64
51.67
51.67
51.71
51.72
51.72
51.72
51.72
51.73
51.74
51.76
51.78
51.8
51.81
51.82
51.85
51.85
51.85
51.86
51.86
51.87
51.87
51.89
51.91
51.91
51.91
51.91
51.96
51.96
51.97
51.98
51.99
51.99
516.38
516.38
516.38
516.38
516.38
516.38
516.38
516.38
516.38
516.38
516.38
516.38
516.38
516.38
516.38
516.38
516.38
516.38
516.38
516.38
516.38
516.38
516.38
516.38
516.38
516.38
516.38
516.38
516.38
516.38
516.38
516.38
516.38
516.38
516.38
516.38
516.38
516.38
516.38
516.38
516.38
516.38
516.38
516.38
516.38
516.38
516.38
516.38
516.38
516.38
516.38
516.38
516.38
516.38
516.38
516.38
516.38
516.38
516.38
516.38
516.38
516.38
516.38
516.38
516.38
516.38
516.38
516.38
516.38
516.38
516.38
516.38
516.38
516.38
516.38
516.38
516.38
516.38
516.38
516.38
516.38
516.38
516.38
516.38
516.38
516.38
516.38
516.38
516.38
516.38
516.38
516.38
516.38
516.38
516.38
516.38
516.38
516.38
516.38
516.38
516.38
516.38
516.38
516.38
516.38
516.38
516.38
516.38
516.38
516.38
516.38
516.38
516.38
516.38
516.38
516.38
516.38
516.38
516.38
516.38
516.38
516.38
516.38
516.38
516.38
516.38
516.38
516.38
516.38
516.38
516.38
516.38
516.38
516.38
516.38
516.38
516.38
516.38
516.38
516.38
516.38
516.38
516.38
516.38
516.38
516.38
516.38
516.38
516.38
516.38
516.38
516.38
516.38
516.38
516.38
516.38
516.38
516.38
516.38
516.38
516.38
516.38
516.38
516.38
516.38
516.38
516.38
516.38
516.38
516.38
516.38
516.38
516.38
516.38
516.38
516.38
516.38
516.38
516.38
516.38
516.38
516.38
516.38
516.38
516.38
516.38
516.38
516.38
516.38
516.38
516.38
516.38
516.38
516.38
517.24
52.04
52.04
52.04
52.05
52.08
52.12
52.12
52.13
52.13
52.14
52.16
52.16
52.17
52.18
52.22
52.24
52.24
52.25
52.26
52.27
52.27
52.33
52.33
52.34
52.36
52.39
52.4
52.41
52.45
52.49
52.53
52.54
52.54
52.55
52.56
52.57
52.57
52.58
52.63
52.65
52.66
52.67
52.68
52.68
52.75
52.77
52.77
52.78
52.79
52.83
52.84
52.85
52.9
52.9
52.91
52.93
52.94
52.96
52.97
52.99
53.01
53.01
53.03
53.06
53.1
53.12
53.14
53.15
53.15
53.16
53.17
53.2
53.2
53.21
53.22
53.22
53.24
53.25
53.27
53.28
53.29
53.31
53.31
53.32
53.32
53.33
53.34
53.35
53.36
53.36
53.41
53.47
53.49
53.5
53.52
53.53
53.53
53.53
53.55
53.56
53.59
53.66
53.66
53.66
53.69
53.69
53.69
53.7
53.7
53.73
53.75
53.76
53.76
53.78
53.79
53.79
53.8
53.8
53.8
53.8
53.81
53.84
53.84
53.85
53.91
53.92
53.93
53.95
53.96
53.96
53.97
53.97
53.98
533.62
533.62
533.62
533.62
533.62
533.62
533.62
533.62
533.62
533.62
533.62
533.62
533.62
533.62
533.62
533.62
533.62
533.62
533.62
533.62
533.62
533.62
533.62
533.62
533.62
533.62
533.62
533.62
533.62
533.62
533.62
533.62
533.62
533.62
533.62
533.62
533.62
533.62
533.62
533.62
533.62
533.62
533.62
54
54
54.03
54.09
54.11
54.12
54.12
54.12
54.16
54.21
54.22
54.25
54.26
54.28
54.28
54.28
54.28
54.31
54.32
54.33
54.34
54.34
54.35
54.35
54.37
54.4
54.4
54.41
54.41
54.43
54.43
54.43
54.44
54.46
54.47
54.47
54.53
54.53
54.54
54.55
54.56
54.56
54.57
54.58
54.59
54.59
54.6
54.63
54.64
54.65
54.69
54.7
54.72
54.72
54.75
54.78
54.82
54.82
54.84
54.85
54.85
54.86
54.91
54.93
54.97
54.97
54.97
54.98
54.99
54.99
542.24
55.07
55.08
55.09
55.09
55.09
55.1
55.11
55.11
55.12
55.15
55.15
55.15
55.16
55.16
55.16
55.2
55.27
55.28
55.28
55.28
55.32
55.33
55.34
55.34
55.4
55.41
55.47
55.47
55.47
55.48
55.49
55.56
55.58
55.59
55.62
55.63
55.66
55.67
55.69
55.71
55.74
55.75
55.76
55.78
55.79
55.8
55.8
55.81
55.83
55.84
55.84
55.85
55.86
55.88
55.9
55.91
55.91
55.91
55.92
55.92
55.93
55.94
55.96
55.96
55.97
55.97
55.97
559.48
559.48
559.48
56
56.02
56.03
56.03
56.03
56.04
56.06
56.06
56.06
56.08
56.09
56.09
56.09
56.1
56.12
56.19
56.22
56.24
56.24
56.25
56.27
56.28
56.28
56.31
56.32
56.33
56.37
56.38
56.4
56.43
56.43
56.45
56.48
56.49
56.49
56.49
56.51
56.52
56.52
56.53
56.58
56.6
56.61
56.62
56.63
56.63
56.66
56.66
56.66
56.71
56.72
56.73
56.77
56.77
56.79
56.79
56.81
56.83
56.84
56.85
56.86
56.87
56.91
56.93
56.94
56.94
56.95
56.96
56.96
56.99
568.1
57
57
57.01
57.03
57.04
57.05
57.07
57.08
57.08
57.12
57.14
57.15
57.16
57.19
57.21
57.21
57.21
57.22
57.22
57.22
57.22
57.22
57.24
57.25
57.25
57.28
57.28
57.28
57.29
57.31
57.31
57.32
57.32
57.35
57.37
57.4
57.41
57.41
57.41
57.45
57.47
57.51
57.52
57.52
57.53
57.55
57.59
57.59
57.59
57.61
57.61
57.62
57.67
57.67
57.68
57.68
57.69
57.69
57.69
57.72
57.75
57.78
57.79
57.79
57.8
57.84
57.84
57.91
57.96
57.99
58
58.01
58.01
58.03
58.09
58.09
58.09
58.1
58.1
58.12
58.15
58.15
58.16
58.16
58.2
58.25
58.25
58.28
58.28
58.28
58.28
58.3
58.3
58.3
58.3
58.3
58.31
58.34
58.34
58.37
58.38
58.41
58.43
58.44
58.44
58.47
58.47
58.47
58.52
58.53
58.56
58.59
58.59
58.59
58.61
58.62
58.63
58.64
58.64
58.64
58.65
58.65
58.66
58.66
58.67
58.67
58.68
58.73
58.79
58.79
58.79
58.8
58.81
58.82
58.82
58.85
58.86
58.87
58.89
58.92
58.92
58.94
58.97
58.97
58.98
58.99
59.03
59.03
59.08
59.08
59.09
59.16
59.22
59.23
59.24
59.25
59.3
59.33
59.34
59.34
59.35
59.36
59.39
59.41
59.41
59.42
59.42
59.45
59.47
59.47
59.47
59.47
59.49
59.51
59.53
59.54
59.58
59.59
59.59
59.59
59.6
59.61
59.61
59.61
59.61
59.64
59.65
59.66
59.69
59.69
59.71
59.72
59.75
59.77
59.79
59.8
59.81
59.83
59.83
59.85
59.85
59.86
59.87
59.89
59.91
59.97
59.97
59.98
59.99
59.99
6.03
6.05
6.45
6.74
6.79
6.8
6.84
6.89
60
60
60.06
60.07
60.09
60.09
60.12
60.12
60.12
60.13
60.13
60.15
60.22
60.22
60.25
60.26
60.27
60.28
60.31
60.32
60.34
60.35
60.38
60.38
60.41
60.41
60.43
60.44
60.44
60.52
60.53
60.53
60.53
60.54
60.55
60.56
60.59
60.66
60.66
60.67
60.67
60.68
60.68
60.73
60.74
60.74
60.76
60.77
60.78
60.82
60.83
60.83
60.84
60.85
60.85
60.86
60.87
60.88
60.88
60.9
60.91
60.91
60.94
60.95
60.95
60.95
60.97
60.97
60.98
602.59
602.59
61
61.03
61.03
61.04
61.04
61.05
61.07
61.09
61.09
61.09
61.11
61.12
61.12
61.13
61.14
61.16
61.2
61.2
61.24
61.26
61.28
61.28
61.33
61.34
61.34
61.37
61.37
61.38
61.38
61.38
61.4
61.4
61.42
61.43
61.45
61.46
61.46
61.46
61.48
61.51
61.53
61.55
61.56
61.58
61.62
61.64
61.68
61.75
61.78
61.78
61.8
61.81
61.81
61.83
61.84
61.89
61.94
61.96
61.97
61.97
61.97
61.97
61.98
61.98
62
62.03
62.03
62.03
62.06
62.06
62.07
62.07
62.13
62.13
62.14
62.22
62.22
62.22
62.24
62.24
62.24
62.27
62.27
62.28
62.29
62.29
62.31
62.33
62.35
62.35
62.37
62.41
62.41
62.42
62.49
62.51
62.53
62.54
62.58
62.6
62.61
62.62
62.63
62.68
62.7
62.71
62.78
62.84
62.85
62.89
62.92
62.93
62.93
62.94
62.95
62.96
63
63
63.04
63.09
63.1
63.1
63.11
63.12
63.12
63.13
63.13
63.15
63.16
63.19
63.2
63.21
63.22
63.22
63.22
63.26
63.26
63.28
63.28
63.29
63.3
63.34
63.34
63.34
63.35
63.36
63.36
63.37
63.37
63.4
63.41
63.44
63.44
63.46
63.47
63.48
63.48
63.53
63.53
63.54
63.54
63.57
63.59
63.62
63.63
63.66
63.66
63.67
63.72
63.72
63.74
63.75
63.77
63.77
63.78
63.78
63.88
63.91
63.94
63.94
63.94
63.94
63.94
63.97
63.99
63.99
64
64.01
64.01
64.01
64.03
64.06
64.07
64.11
64.12
64.12
64.14
64.14
64.15
64.16
64.19
64.19
64.2
64.22
64.23
64.23
64.24
64.27
64.27
64.3
64.35
64.39
64.39
64.39
64.41
64.41
64.43
64.45
64.47
64.48
64.49
64.57
64.6
64.6
64.6
64.62
64.65
64.65
64.65
64.66
64.67
64.68
64.69
64.72
64.73
64.74
64.74
64.75
64.79
64.81
64.84
64.88
64.9
64.95
64.95
643.43
65.03
65.03
65.04
65.05
65.06
65.07
65.09
65.09
65.09
65.12
65.15
65.23
65.23
65.24
65.29
65.3
65.3
65.32
65.34
65.34
65.38
65.41
65.42
65.43
65.43
65.45
65.46
65.5
65.54
65.55
65.55
65.56
65.56
65.59
65.62
65.64
65.71
65.74
65.75
65.76
65.77
65.78
65.78
65.8
65.83
65.87
65.87
65.9
65.91
65.91
65.91
65.92
65.92
65.93
65.94
65.97
65.97
65.99
65.99
66.01
66.02
66.06
66.08
66.09
66.09
66.1
66.1
66.1
66.11
66.12
66.13
66.16
66.17
66.18
66.22
66.24
66.26
66.28
66.3
66.31
66.32
66.32
66.34
66.34
66.34
66.35
66.36
66.37
66.39
66.39
66.39
66.4
66.41
66.44
66.46
66.47
66.48
66.52
66.52
66.53
66.53
66.53
66.56
66.57
66.57
66.59
66.6
66.62
66.63
66.67
66.7
66.72
66.72
66.72
66.73
66.74
66.78
66.78
66.78
66.81
66.84
66.86
66.87
66.89
66.92
66.92
66.93
66.95
66.97
66.99
67
67.01
67.02
67.06
67.09
67.09
67.1
67.11
67.12
67.13
67.16
67.23
67.29
67.29
67.3
67.31
67.31
67.31
67.32
67.35
67.35
67.38
67.39
67.4
67.41
67.41
67.41
67.43
67.43
67.45
67.47
67.47
67.47
67.47
67.5
67.53
67.56
67.59
67.59
67.59
67.62
67.64
67.66
67.67
67.68
67.69
67.71
67.74
67.75
67.76
67.78
67.78
67.84
67.85
67.88
67.9
67.93
67.95
67.97
67.99
68.02
68.03
68.03
68.07
68.09
68.09
68.12
68.12
68.17
68.19
68.22
68.23
68.23
68.25
68.32
68.33
68.36
68.39
68.39
68.39
68.39
68.41
68.41
68.41
68.42
68.44
68.46
68.47
68.48
68.5
68.53
68.53
68.55
68.55
68.59
68.61
68.62
68.62
68.65
68.69
68.7
68.71
68.77
68.79
68.8
68.82
68.82
68.91
68.92
68.97
68.97
68.97
68.97
68.97
68.97
68.97
68.97
68.97
68.97
68.97
68.97
68.97
68.97
68.97
68.97
68.97
68.97
68.97
68.97
68.97
68.97
68.97
68.97
68.97
68.97
68.97
68.97
68.97
68.97
68.97
68.97
68.97
68.97
68.97
68.97
68.97
69
69.03
69.06
69.07
69.09
69.11
69.12
69.14
69.15
69.15
69.16
69.17
69.17
69.19
69.2
69.23
69.27
69.27
69.28
69.3
69.3
69.34
69.36
69.37
69.37
69.39
69.41
69.43
69.44
69.46
69.46
69.49
69.5
69.51
69.51
69.52
69.52
69.53
69.53
69.53
69.54
69.57
69.57
69.59
69.63
69.69
69.71
69.72
69.72
69.73
69.74
69.75
69.76
69.78
69.78
69.81
69.82
69.83
69.84
69.84
69.85
69.86
69.89
69.9
69.9
69.91
69.91
69.93
69.95
7.07
7.28
7.54
7.58
7.67
7.81
7.97
70.01
70.03
70.03
70.03
70.09
70.1
70.1
70.11
70.14
70.15
70.16
70.17
70.17
70.22
70.23
70.28
70.34
70.34
70.35
70.36
70.37
70.39
70.39
70.4
70.41
70.41
70.44
70.44
70.44
70.45
70.46
70.47
70.48
70.49
70.53
70.53
70.55
70.59
70.65
70.65
70.66
70.68
70.71
70.72
70.73
70.73
70.73
70.75
70.76
70.82
70.84
70.85
70.86
70.89
70.89
70.91
70.95
70.97
70.98
70.98
70.98
71.02
71.03
71.06
71.08
71.09
71.17
71.17
71.23
71.24
71.24
71.27
71.27
71.31
71.34
71.34
71.35
71.4
71.41
71.42
71.44
71.47
71.47
71.58
71.59
71.59
71.61
71.62
71.64
71.65
71.72
71.78
71.83
71.83
71.84
71.91
71.92
71.95
71.95
71.96
71.98
72
72.03
72.03
72.03
72.03
72.04
72.07
72.07
72.08
72.12
72.12
72.13
72.17
72.2
72.2
72.21
72.22
72.23
72.23
72.27
72.28
72.31
72.32
72.34
72.34
72.39
72.44
72.47
72.47
72.5
72.5
72.55
72.57
72.57
72.59
72.59
72.65
72.65
72.7
72.7
72.71
72.72
72.74
72.74
72.74
72.78
72.79
72.84
72.84
72.85
72.87
72.87
72.88
72.91
72.91
72.94
72.97
72.97
72.99
73
73.07
73.08
73.09
73.09
73.16
73.17
73.19
73.24
73.27
73.28
73.28
73.29
73.32
73.33
73.34
73.41
73.41
73.43
73.47
73.48
73.49
73.5
73.52
73.52
73.53
73.59
73.59
73.61
73.62
73.63
73.66
73.67
73.68
73.7
73.75
73.79
73.8
73.81
73.84
73.84
73.88
73.9
73.94
74
74.03
74.04
74.05
74.07
74.08
74.09
74.1
74.15
74.16
74.22
74.33
74.33
74.34
74.36
74.36
74.39
74.41
74.42
74.42
74.47
74.48
74.48
74.56
74.58
74.59
74.6
74.63
74.65
74.65
74.65
74.68
74.68
74.69
74.7
74.71
74.73
74.74
74.75
74.75
74.76
74.84
74.85
74.87
74.91
74.93
74.93
74.95
74.98
75.04
75.04
75.06
75.09
75.1
75.11
75.13
75.14
75.2
75.21
75.21
75.22
75.25
75.25
75.26
75.28
75.29
75.31
75.33
75.34
75.34
75.36
75.36
75.39
75.41
75.42
75.42
75.43
75.43
75.45
75.45
75.46
75.47
75.47
75.47
75.48
75.48
75.5
75.52
75.53
75.53
75.61
75.61
75.61
75.61
75.64
75.64
75.64
75.66
75.69
75.73
75.74
75.76
75.78
75.81
75.84
75.84
75.84
75.84
75.89
75.91
75.92
75.92
75.94
75.97
75.97
75.97
75.99
76.04
76.04
76.05
76.06
76.06
76.09
76.1
76.12
76.12
76.13
76.17
76.18
76.23
76.24
76.26
76.28
76.31
76.31
76.33
76.34
76.34
76.35
76.37
76.37
76.37
76.38
76.51
76.51
76.53
76.53
76.61
76.71
76.71
76.72
76.72
76.72
76.72
76.72
76.72
76.72
76.72
76.72
76.72
76.72
76.72
76.72
76.72
76.72
76.72
76.72
76.72
76.72
76.72
76.72
76.72
76.72
76.72
76.72
76.72
76.72
76.72
76.72
76.72
76.72
76.72
76.72
76.72
76.72
76.72
76.72
76.72
76.72
76.72
76.72
76.72
76.72
76.72
76.72
76.72
76.72
76.72
76.72
76.72
76.72
76.72
76.72
76.72
76.72
76.72
76.72
76.72
76.72
76.72
76.72
76.72
76.72
76.72
76.72
76.72
76.72
76.72
76.72
76.72
76.72
76.72
76.72
76.72
76.72
76.72
76.72
76.72
76.72
76.72
76.72
76.72
76.72
76.72
76.72
76.72
76.72
76.72
76.72
76.72
76.72
76.72
76.72
76.72
76.72
76.72
76.72
76.72
76.72
76.72
76.72
76.72
76.72
76.72
76.72
76.72
76.72
76.72
76.72
76.72
76.72
76.72
76.72
76.72
76.72
76.72
76.72
76.72
76.72
76.72
76.72
76.72
76.72
76.72
76.72
76.72
76.72
76.72
76.72
76.72
76.72
76.72
76.72
76.72
76.72
76.72
76.72
76.72
76.72
76.72
76.72
76.72
76.72
76.72
76.72
76.72
76.72
76.72
76.72
76.72
76.72
76.72
76.72
76.72
76.72
76.72
76.72
76.72
76.72
76.72
76.72
76.72
76.72
76.72
76.72
76.72
76.72
76.72
76.72
76.72
76.72
76.72
76.72
76.72
76.72
76.72
76.72
76.72
76.72
76.72
76.72
76.72
76.72
76.72
76.72
76.72
76.72
76.72
76.72
76.72
76.72
76.72
76.72
76.72
76.72
76.72
76.72
76.72
76.72
76.72
76.72
76.72
76.72
76.72
76.72
76.72
76.72
76.72
76.72
76.72
76.72
76.72
76.72
76.72
76.72
76.72
76.72
76.72
76.72
76.72
76.72
76.72
76.72
76.72
76.72
76.72
76.72
76.72
76.72
76.72
76.72
76.72
76.72
76.72
76.72
76.72
76.72
76.72
76.72
76.72
76.72
76.72
76.72
76.72
76.72
76.72
76.72
76.72
76.72
76.72
76.72
76.72
76.72
76.72
76.72
76.72
76.72
76.72
76.72
76.72
76.72
76.72
76.72
76.72
76.72
76.72
76.72
76.72
76.72
76.72
76.72
76.72
76.72
76.72
76.72
76.72
76.72
76.72
76.72
76.72
76.72
76.72
76.72
76.72
76.72
76.72
76.72
76.72
76.72
76.72
76.72
76.72
76.72
76.72
76.72
76.72
76.72
76.72
76.72
76.72
76.72
76.72
76.72
76.72
76.72
76.72
76.72
76.72
76.72
76.72
76.72
76.72
76.72
76.72
76.72
76.72
76.72
76.72
76.72
76.72
76.72
76.72
76.72
76.72
76.72
76.72
76.72
76.72
76.72
76.72
76.72
76.72
76.72
76.72
76.72
76.72
76.72
76.72
76.72
76.72
76.72
76.72
76.72
76.72
76.72
76.72
76.72
76.72
76.72
76.72
76.72
76.72
76.72
76.72
76.72
76.72
76.72
76.72
76.72
76.72
76.72
76.72
76.72
76.72
76.72
76.72
76.72
76.72
76.72
76.72
76.72
76.72
76.72
76.72
76.72
76.72
76.72
76.72
76.72
76.72
76.72
76.72
76.72
76.72
76.72
76.72
76.72
76.72
76.72
76.72
76.72
76.72
76.72
76.72
76.72
76.72
76.72
76.72
76.72
76.72
76.72
76.72
76.72
76.72
76.72
76.72
76.72
76.72
76.72
76.72
76.72
76.72
76.72
76.72
76.72
76.72
76.72
76.72
76.72
76.72
76.72
76.72
76.72
76.72
76.72
76.72
76.72
76.72
76.72
76.72
76.72
76.72
76.72
76.72
76.72
76.72
76.72
76.72
76.72
76.72
76.72
76.72
76.72
76.72
76.72
76.72
76.72
76.72
76.72
76.72
76.72
76.72
76.72
76.72
76.72
76.72
76.72
76.72
76.72
76.72
76.72
76.72
76.72
76.72
76.72
76.72
76.72
76.72
76.72
76.72
76.72
76.72
76.72
76.72
76.72
76.72
76.72
76.72
76.72
76.72
76.72
76.72
76.72
76.72
76.72
76.72
76.72
76.72
76.72
76.72
76.72
76.72
76.72
76.72
76.72
76.72
76.72
76.72
76.72
76.72
76.72
76.72
76.72
76.72
76.72
76.72
76.72
76.72
76.72
76.72
76.72
76.72
76.72
76.72
76.72
76.72
76.72
76.72
76.72
76.72
76.72
76.72
76.72
76.72
76.72
76.72
76.72
76.72
76.72
76.72
76.72
76.72
76.72
76.72
76.72
76.72
76.72
76.72
76.72
76.72
76.72
76.72
76.72
76.72
76.72
76.72
76.72
76.72
76.72
76.72
76.72
76.72
76.72
76.72
76.72
76.72
76.72
76.72
76.72
76.72
76.72
76.72
76.72
76.72
76.72
76.72
76.72
76.72
76.72
76.72
76.72
76.72
76.72
76.72
76.72
76.72
76.72
76.72
76.72
76.72
76.72
76.72
76.72
76.72
76.72
76.72
76.72
76.72
76.72
76.72
76.72
76.72
76.72
76.72
76.72
76.72
76.72
76.72
76.72
76.72
76.72
76.72
76.72
76.72
76.72
76.72
76.72
76.72
76.72
76.72
76.72
76.72
76.72
76.72
76.72
76.72
76.72
76.72
76.72
76.72
76.72
76.72
76.72
76.72
76.72
76.72
76.72
76.72
76.72
76.72
76.72
76.72
76.72
76.72
76.72
76.72
76.72
76.72
76.72
76.72
76.72
76.72
76.72
76.72
76.72
76.72
76.72
76.72
76.72
76.72
76.72
76.72
76.72
76.72
76.72
76.72
76.72
76.72
76.72
76.72
76.72
76.72
76.72
76.72
76.72
76.72
76.72
76.72
76.72
76.72
76.72
76.72
76.72
76.72
76.72
76.72
76.72
76.72
76.72
76.72
76.72
76.72
76.72
76.72
76.72
76.72
76.72
76.72
76.72
76.72
76.72
76.72
76.72
76.72
76.72
76.72
76.72
76.72
76.72
76.72
76.72
76.72
76.72
76.72
76.72
76.72
76.72
76.72
76.72
76.72
76.72
76.72
76.72
76.72
76.72
76.72
76.72
76.72
76.72
76.72
76.72
76.72
76.72
76.72
76.72
76.72
76.72
76.72
76.72
76.72
76.72
76.72
76.72
76.72
76.72
76.72
76.72
76.72
76.72
76.72
76.72
76.72
76.72
76.72
76.72
76.72
76.72
76.72
76.72
76.72
76.72
76.72
76.72
76.72
76.72
76.72
76.72
76.72
76.72
76.72
76.72
76.72
76.72
76.72
76.72
76.72
76.72
76.72
76.72
76.72
76.72
76.72
76.72
76.72
76.72
76.72
76.72
76.72
76.72
76.72
76.72
76.72
76.72
76.72
76.72
76.72
76.72
76.72
76.72
76.72
76.72
76.72
76.72
76.72
76.72
76.72
76.72
76.72
76.72
76.72
76.72
76.72
76.72
76.72
76.72
76.72
76.72
76.72
76.72
76.72
76.72
76.72
76.72
76.72
76.72
76.72
76.72
76.72
76.72
76.72
76.72
76.72
76.72
76.72
76.72
76.72
76.72
76.72
76.72
76.72
76.72
76.72
76.72
76.72
76.72
76.72
76.72
76.72
76.72
76.72
76.72
76.72
76.72
76.72
76.72
76.72
76.72
76.72
76.72
76.72
76.72
76.72
76.72
76.72
76.72
76.72
76.72
76.72
76.72
76.72
76.72
76.72
76.72
76.72
76.72
76.72
76.72
76.72
76.72
76.72
76.72
76.72
76.72
76.72
76.72
76.72
76.72
76.72
76.72
76.72
76.72
76.72
76.72
76.72
76.72
76.72
76.72
76.72
76.72
76.72
76.72
76.72
76.72
76.72
76.72
76.72
76.72
76.72
76.72
76.72
76.72
76.72
76.72
76.72
76.72
76.72
76.72
76.72
76.72
76.72
76.72
76.72
76.72
76.72
76.72
76.72
76.72
76.72
76.72
76.72
76.72
76.72
76.72
76.72
76.72
76.72
76.72
76.72
76.72
76.72
76.72
76.72
76.72
76.72
76.72
76.72
76.72
76.72
76.72
76.72
76.72
76.72
76.72
76.72
76.72
76.72
76.72
76.72
76.72
76.72
76.72
76.72
76.72
76.72
76.72
76.72
76.72
76.72
76.72
76.72
76.72
76.72
76.72
76.72
76.72
76.72
76.72
76.72
76.72
76.72
76.72
76.72
76.72
76.72
76.72
76.72
76.72
76.72
76.72
76.72
76.72
76.72
76.72
76.72
76.72
76.72
76.72
76.72
76.72
76.72
76.72
76.72
76.72
76.72
76.72
76.72
76.72
76.72
76.72
76.72
76.72
76.72
76.72
76.72
76.72
76.72
76.72
76.72
76.72
76.72
76.72
76.72
76.72
76.72
76.72
76.72
76.72
76.72
76.72
76.72
76.72
76.72
76.72
76.72
76.72
76.72
76.72
76.72
76.72
76.72
76.72
76.72
76.72
76.72
76.72
76.72
76.72
76.72
76.72
76.72
76.72
76.72
76.72
76.72
76.72
76.72
76.72
76.72
76.72
76.72
76.72
76.72
76.72
76.72
76.72
76.72
76.72
76.72
76.72
76.72
76.72
76.72
76.72
76.72
76.72
76.72
76.72
76.72
76.72
76.72
76.72
76.72
76.72
76.72
76.72
76.72
76.72
76.72
76.72
76.72
76.72
76.72
76.72
76.72
76.72
76.72
76.72
76.72
76.72
76.72
76.72
76.72
76.72
76.72
76.72
76.72
76.72
76.72
76.72
76.72
76.72
76.72
76.72
76.72
76.72
76.72
76.72
76.72
76.72
76.72
76.72
76.72
76.72
76.72
76.72
76.72
76.72
76.72
76.72
76.72
76.72
76.72
76.72
76.72
76.72
76.72
76.72
76.72
76.72
76.72
76.72
76.72
76.72
76.72
76.72
76.72
76.72
76.72
76.72
76.72
76.72
76.72
76.72
76.72
76.72
76.72
76.72
76.72
76.72
76.72
76.72
76.72
76.72
76.72
76.72
76.72
76.72
76.72
76.72
76.72
76.72
76.72
76.72
76.72
76.72
76.72
76.72
76.72
76.72
76.72
76.72
76.72
76.72
76.72
76.72
76.72
76.72
76.72
76.72
76.72
76.72
76.72
76.72
76.72
76.72
76.72
76.72
76.72
76.72
76.72
76.72
76.72
76.72
76.72
76.72
76.72
76.72
76.72
76.72
76.72
76.72
76.72
76.72
76.72
76.72
76.72
76.72
76.72
76.72
76.72
76.72
76.72
76.72
76.72
76.72
76.72
76.72
76.72
76.72
76.72
76.72
76.72
76.72
76.72
76.72
76.72
76.72
76.72
76.72
76.72
76.72
76.72
76.72
76.72
76.72
76.72
76.72
76.72
76.72
76.72
76.72
76.72
76.72
76.72
76.72
76.72
76.72
76.72
76.72
76.72
76.72
76.72
76.72
76.72
76.72
76.72
76.72
76.72
76.72
76.72
76.72
76.72
76.72
76.72
76.72
76.72
76.72
76.72
76.72
76.72
76.72
76.72
76.72
76.72
76.72
76.72
76.72
76.72
76.72
76.72
76.72
76.72
76.72
76.72
76.72
76.72
76.72
76.72
76.72
76.72
76.72
76.72
76.72
76.72
76.72
76.72
76.72
76.72
76.72
76.72
76.72
76.72
76.72
76.72
76.72
76.72
76.72
76.72
76.72
76.72
76.72
76.72
76.72
76.72
76.72
76.72
76.72
76.72
76.72
76.72
76.72
76.72
76.72
76.72
76.72
76.72
76.72
76.72
76.72
76.72
76.72
76.72
76.72
76.72
76.72
76.72
76.72
76.72
76.72
76.72
76.72
76.72
76.72
76.72
76.72
76.72
76.72
76.72
76.72
76.72
76.72
76.72
76.72
76.72
76.72
76.72
76.72
76.72
76.72
76.72
76.72
76.72
76.72
76.72
76.72
76.72
76.72
76.72
76.72
76.72
76.72
76.72
76.72
76.72
76.72
76.72
76.72
76.72
76.72
76.72
76.72
76.72
76.72
76.72
76.72
76.72
76.72
76.72
76.72
76.72
76.72
76.72
76.72
76.72
76.72
76.72
76.72
76.72
76.72
76.72
76.72
76.72
76.72
76.72
76.72
76.72
76.72
76.72
76.72
76.72
76.72
76.72
76.72
76.72
76.72
76.72
76.72
76.72
76.72
76.72
76.72
76.72
76.72
76.72
76.72
76.72
76.72
76.72
76.72
76.72
76.72
76.72
76.72
76.72
76.72
76.72
76.72
76.72
76.72
76.72
76.72
76.72
76.72
76.72
76.72
76.72
76.72
76.72
76.72
76.72
76.72
76.72
76.72
76.72
76.72
76.72
76.72
76.72
76.72
76.72
76.72
76.72
76.72
76.72
76.72
76.72
76.72
76.72
76.72
76.72
76.72
76.72
76.72
76.72
76.72
76.72
76.72
76.72
76.72
76.72
76.72
76.72
76.72
76.72
76.72
76.72
76.72
76.72
76.72
76.72
76.72
76.72
76.72
76.72
76.72
76.72
76.72
76.72
76.72
76.72
76.72
76.72
76.72
76.72
76.72
76.72
76.72
76.72
76.72
76.72
76.72
76.72
76.72
76.72
76.72
76.72
76.72
76.72
76.72
76.72
76.72
76.72
76.72
76.72
76.72
76.72
76.72
76.72
76.72
76.72
76.72
76.72
76.72
76.72
76.72
76.72
76.72
76.72
76.72
76.72
76.72
76.72
76.72
76.72
76.72
76.72
76.72
76.72
76.72
76.72
76.72
76.72
76.72
76.72
76.72
76.72
76.72
76.72
76.72
76.72
76.72
76.72
76.72
76.72
76.72
76.72
76.72
76.72
76.72
76.72
76.72
76.72
76.72
76.72
76.72
76.72
76.72
76.72
76.72
76.72
76.72
76.72
76.72
76.72
76.72
76.72
76.72
76.72
76.72
76.72
76.72
76.72
76.72
76.72
76.72
76.72
76.72
76.72
76.72
76.72
76.72
76.72
76.72
76.72
76.72
76.72
76.72
76.72
76.72
76.72
76.72
76.72
76.72
76.72
76.72
76.72
76.72
76.72
76.72
76.72
76.72
76.72
76.72
76.72
76.72
76.72
76.72
76.72
76.72
76.72
76.72
76.72
76.72
76.72
76.72
76.72
76.72
76.72
76.72
76.72
76.72
76.72
76.72
76.72
76.72
76.72
76.72
76.72
76.72
76.72
76.72
76.72
76.72
76.72
76.72
76.72
76.72
76.72
76.72
76.72
76.72
76.72
76.72
76.72
76.72
76.72
76.72
76.72
76.72
76.72
76.72
76.72
76.72
76.72
76.72
76.72
76.72
76.72
76.72
76.72
76.72
76.72
76.72
76.72
76.72
76.72
76.72
76.72
76.72
76.72
76.72
76.72
76.72
76.72
76.72
76.72
76.72
76.72
76.72
76.72
76.72
76.72
76.72
76.72
76.72
76.72
76.72
76.72
76.72
76.72
76.72
76.72
76.72
76.72
76.72
76.72
76.72
76.72
76.72
76.72
76.72
76.72
76.72
76.72
76.72
76.72
76.72
76.72
76.72
76.72
76.72
76.72
76.72
76.72
76.72
76.72
76.72
76.72
76.72
76.72
76.72
76.72
76.72
76.72
76.72
76.72
76.72
76.72
76.72
76.72
76.72
76.72
76.72
76.72
76.72
76.72
76.72
76.72
76.72
76.72
76.72
76.72
76.72
76.72
76.72
76.72
76.72
76.72
76.72
76.72
76.72
76.72
76.72
76.72
76.72
76.72
76.72
76.72
76.72
76.72
76.72
76.72
76.72
76.72
76.72
76.72
76.72
76.72
76.72
76.72
76.72
76.72
76.72
76.72
76.72
76.72
76.72
76.72
76.72
76.72
76.72
76.72
76.72
76.72
76.72
76.72
76.72
76.72
76.72
76.72
76.72
76.72
76.72
76.72
76.72
76.72
76.72
76.72
76.72
76.72
76.72
76.72
76.72
76.72
76.72
76.72
76.72
76.72
76.72
76.72
76.72
76.72
76.72
76.72
76.72
76.72
76.72
76.72
76.72
76.72
76.72
76.72
76.72
76.72
76.72
76.72
76.72
76.72
76.72
76.72
76.72
76.72
76.72
76.72
76.72
76.72
76.72
76.72
76.72
76.72
76.72
76.72
76.72
76.72
76.72
76.72
76.72
76.72
76.72
76.72
76.72
76.72
76.72
76.72
76.72
76.72
76.72
76.72
76.72
76.72
76.72
76.72
76.72
76.72
76.72
76.72
76.72
76.72
76.72
76.72
76.72
76.72
76.72
76.72
76.72
76.72
76.72
76.72
76.72
76.72
76.72
76.72
76.72
76.72
76.72
76.72
76.72
76.72
76.72
76.72
76.72
76.72
76.72
76.72
76.72
76.72
76.72
76.72
76.72
76.72
76.72
76.72
76.72
76.72
76.72
76.72
76.72
76.72
76.72
76.72
76.72
76.72
76.72
76.72
76.72
76.72
76.72
76.72
76.72
76.72
76.72
76.72
76.72
76.72
76.72
76.72
76.72
76.72
76.72
76.72
76.72
76.72
76.72
76.72
76.72
76.72
76.72
76.72
76.72
76.72
76.72
76.72
76.72
76.72
76.72
76.72
76.72
76.72
76.72
76.72
76.72
76.72
76.72
76.72
76.72
76.72
76.72
76.72
76.72
76.72
76.72
76.72
76.72
76.72
76.72
76.72
76.72
76.72
76.72
76.72
76.72
76.72
76.72
76.72
76.72
76.72
76.72
76.72
76.72
76.72
76.72
76.72
76.72
76.72
76.72
76.72
76.72
76.72
76.72
76.72
76.72
76.72
76.72
76.72
76.72
76.72
76.72
76.72
76.72
76.72
76.72
76.72
76.72
76.72
76.72
76.72
76.72
76.72
76.72
76.72
76.72
76.72
76.72
76.72
76.72
76.72
76.72
76.72
76.72
76.72
76.72
76.72
76.72
76.72
76.72
76.72
76.72
76.72
76.72
76.72
76.72
76.72
76.72
76.72
76.72
76.72
76.72
76.72
76.72
76.72
76.72
76.72
76.72
76.72
76.72
76.72
76.72
76.72
76.72
76.72
76.72
76.72
76.72
76.72
76.72
76.72
76.72
76.72
76.72
76.72
76.72
76.72
76.72
76.72
76.72
76.72
76.72
76.72
76.72
76.72
76.72
76.72
76.72
76.72
76.72
76.72
76.72
76.72
76.72
76.72
76.72
76.72
76.72
76.72
76.72
76.72
76.72
76.72
76.72
76.72
76.72
76.72
76.72
76.72
76.72
76.72
76.72
76.72
76.72
76.72
76.72
76.72
76.72
76.72
76.72
76.72
76.72
76.72
76.72
76.72
76.72
76.72
76.72
76.72
76.72
76.72
76.72
76.72
76.72
76.72
76.72
76.72
76.72
76.72
76.72
76.72
76.72
76.72
76.72
76.72
76.72
76.72
76.72
76.72
76.72
76.72
76.72
76.72
76.72
76.72
76.72
76.72
76.72
76.72
76.72
76.72
76.72
76.72
76.72
76.72
76.72
76.72
76.72
76.72
76.72
76.72
76.72
76.72
76.72
76.72
76.72
76.72
76.72
76.72
76.72
76.72
76.72
76.72
76.72
76.72
76.72
76.72
76.72
76.72
76.72
76.72
76.72
76.72
76.72
76.72
76.72
76.72
76.72
76.72
76.72
76.72
76.72
76.72
76.72
76.72
76.72
76.72
76.72
76.72
76.72
76.72
76.72
76.72
76.72
76.72
76.72
76.72
76.72
76.72
76.72
76.72
76.72
76.72
76.72
76.72
76.72
76.72
76.72
76.72
76.72
76.72
76.72
76.72
76.72
76.72
76.72
76.72
76.72
76.72
76.72
76.72
76.72
76.72
76.72
76.72
76.72
76.72
76.72
76.72
76.72
76.72
76.72
76.72
76.72
76.72
76.72
76.72
76.72
76.72
76.72
76.72
76.72
76.72
76.72
76.72
76.72
76.72
76.72
76.72
76.72
76.72
76.72
76.72
76.72
76.72
76.72
76.72
76.72
76.72
76.72
76.72
76.72
76.72
76.72
76.72
76.72
76.72
76.72
76.72
76.72
76.72
76.72
76.72
76.72
76.72
76.72
76.72
76.72
76.72
76.72
76.72
76.72
76.72
76.72
76.72
76.72
76.72
76.72
76.72
76.72
76.72
76.72
76.72
76.72
76.72
76.72
76.72
76.72
76.72
76.72
76.72
76.72
76.72
76.72
76.72
76.72
76.72
76.72
76.72
76.72
76.72
76.72
76.72
76.72
76.72
76.72
76.72
76.72
76.72
76.72
76.72
76.72
76.72
76.72
76.72
76.72
76.72
76.72
76.72
76.72
76.72
76.72
76.72
76.72
76.72
76.72
76.72
76.72
76.72
76.72
76.72
76.72
76.72
76.72
76.72
76.72
76.72
76.72
76.72
76.72
76.72
76.72
76.72
76.72
76.72
76.72
76.72
76.72
76.72
76.72
76.72
76.72
76.72
76.72
76.72
76.72
76.72
76.72
76.72
76.72
76.72
76.72
76.72
76.72
76.72
76.72
76.72
76.72
76.72
76.72
76.72
76.72
76.72
76.72
76.72
76.72
76.72
76.72
76.72
76.72
76.72
76.72
76.72
76.72
76.72
76.72
76.72
76.72
76.72
76.72
76.72
76.72
76.72
76.72
76.72
76.72
76.72
76.72
76.72
76.72
76.72
76.72
76.72
76.72
76.72
76.72
76.72
76.72
76.72
76.72
76.72
76.72
76.72
76.72
76.72
76.72
76.72
76.72
76.72
76.72
76.72
76.72
76.72
76.72
76.72
76.72
76.72
76.72
76.72
76.72
76.72
76.72
76.72
76.72
76.72
76.72
76.72
76.72
76.72
76.72
76.72
76.72
76.72
76.72
76.72
76.72
76.72
76.72
76.72
76.72
76.72
76.72
76.72
76.72
76.72
76.72
76.72
76.72
76.72
76.72
76.72
76.72
76.72
76.72
76.72
76.72
76.72
76.72
76.72
76.72
76.72
76.72
76.72
76.72
76.72
76.72
76.72
76.72
76.72
76.72
76.72
76.72
76.72
76.72
76.72
76.72
76.72
76.72
76.72
76.72
76.72
76.72
76.72
76.72
76.72
76.72
76.72
76.72
76.72
76.72
76.72
76.72
76.72
76.72
76.72
76.72
76.72
76.72
76.72
76.72
76.72
76.72
76.72
76.72
76.72
76.72
76.72
76.72
76.72
76.72
76.72
76.72
76.72
76.72
76.72
76.72
76.72
76.72
76.72
76.72
76.72
76.72
76.72
76.72
76.72
76.72
76.72
76.72
76.72
76.72
76.72
76.72
76.72
76.72
76.72
76.72
76.72
76.72
76.72
76.72
76.72
76.72
76.72
76.72
76.72
76.72
76.72
76.72
76.72
76.72
76.72
76.72
76.72
76.72
76.72
76.72
76.72
76.72
76.72
76.72
76.72
76.72
76.72
76.72
76.72
76.72
76.72
76.72
76.72
76.72
76.72
76.72
76.72
76.72
76.72
76.72
76.72
76.72
76.72
76.72
76.72
76.72
76.72
76.72
76.72
76.72
76.72
76.72
76.72
76.72
76.72
76.72
76.72
76.72
76.72
76.72
76.72
76.72
76.72
76.72
76.72
76.72
76.72
76.72
76.72
76.72
76.72
76.72
76.72
76.72
76.72
76.72
76.72
76.72
76.72
76.72
76.72
76.72
76.72
76.72
76.72
76.72
76.72
76.72
76.72
76.72
76.72
76.72
76.72
76.72
76.72
76.72
76.72
76.72
76.72
76.72
76.72
76.72
76.72
76.72
76.72
76.72
76.72
76.72
76.72
76.72
76.72
76.72
76.72
76.72
76.72
76.72
76.72
76.72
76.72
76.72
76.72
76.72
76.72
76.72
76.72
76.72
76.72
76.72
76.72
76.72
76.72
76.72
76.72
76.72
76.72
76.72
76.72
76.72
76.72
76.72
76.72
76.72
76.72
76.72
76.72
76.72
76.72
76.72
76.72
76.72
76.72
76.72
76.72
76.72
76.72
76.72
76.72
76.72
76.72
76.72
76.72
76.72
76.72
76.72
76.72
76.72
76.72
76.72
76.72
76.72
76.72
76.72
76.72
76.72
76.72
76.72
76.72
76.72
76.72
76.72
76.72
76.72
76.72
76.72
76.72
76.72
76.72
76.72
76.72
76.72
76.72
76.72
76.72
76.72
76.72
76.72
76.72
76.72
76.72
76.72
76.72
76.72
76.72
76.72
76.72
76.72
76.72
76.72
76.72
76.72
76.72
76.72
76.72
76.72
76.72
76.72
76.72
76.72
76.72
76.72
76.72
76.72
76.72
76.72
76.72
76.72
76.72
76.72
76.72
76.72
76.72
76.72
76.72
76.72
76.72
76.72
76.72
76.72
76.72
76.72
76.72
76.72
76.72
76.72
76.72
76.72
76.72
76.72
76.72
76.72
76.72
76.72
76.72
76.72
76.72
76.72
76.72
76.72
76.72
76.72
76.72
76.72
76.72
76.72
76.72
76.72
76.72
76.72
76.72
76.72
76.72
76.72
76.72
76.72
76.72
76.72
76.72
76.72
76.72
76.72
76.72
76.72
76.72
76.72
76.72
76.72
76.72
76.72
76.72
76.72
76.72
76.72
76.72
76.72
76.72
76.72
76.72
76.72
76.72
76.72
76.72
76.72
76.72
76.72
76.72
76.72
76.72
76.72
76.72
76.72
76.72
76.72
76.72
76.72
76.72
76.72
76.72
76.72
76.72
76.72
76.72
76.72
76.72
76.72
76.72
76.72
76.72
76.72
76.72
76.72
76.72
76.72
76.72
76.72
76.72
76.72
76.72
76.72
76.72
76.72
76.72
76.72
76.72
76.72
76.72
76.72
76.72
76.72
76.72
76.72
76.72
76.72
76.72
76.72
76.72
76.72
76.72
76.72
76.72
76.72
76.72
76.72
76.72
76.72
76.72
76.72
76.72
76.72
76.72
76.72
76.72
76.72
76.72
76.72
76.72
76.72
76.72
76.72
76.72
76.72
76.72
76.72
76.72
76.72
76.72
76.72
76.72
76.72
76.72
76.72
76.72
76.72
76.72
76.72
76.72
76.72
76.72
76.72
76.72
76.72
76.72
76.72
76.72
76.72
76.72
76.72
76.72
76.72
76.72
76.72
76.72
76.72
76.72
76.72
76.72
76.72
76.72
76.72
76.72
76.72
76.72
76.72
76.72
76.72
76.72
76.72
76.72
76.72
76.72
76.72
76.72
76.72
76.72
76.72
76.72
76.72
76.72
76.72
76.72
76.72
76.72
76.72
76.72
76.72
76.72
76.72
76.72
76.72
76.72
76.72
76.72
76.72
76.72
76.72
76.72
76.72
76.72
76.72
76.72
76.72
76.72
76.72
76.72
76.72
76.72
76.72
76.72
76.72
76.72
76.72
76.72
76.72
76.72
76.72
76.72
76.72
76.72
76.72
76.72
76.72
76.72
76.72
76.72
76.72
76.72
76.72
76.72
76.72
76.72
76.72
76.72
76.72
76.72
76.72
76.72
76.72
76.72
76.72
76.72
76.72
76.72
76.72
76.72
76.72
76.72
76.72
76.72
76.72
76.72
76.72
76.72
76.72
76.72
76.72
76.72
76.72
76.72
76.72
76.72
76.72
76.72
76.72
76.72
76.72
76.72
76.72
76.72
76.72
76.72
76.72
76.72
76.72
76.72
76.72
76.72
76.72
76.72
76.72
76.72
76.72
76.72
76.72
76.72
76.72
76.72
76.72
76.72
76.72
76.72
76.72
76.72
76.72
76.72
76.72
76.72
76.72
76.72
76.72
76.72
76.72
76.72
76.72
76.72
76.72
76.72
76.72
76.72
76.72
76.72
76.72
76.72
76.72
76.72
76.72
76.72
76.72
76.72
76.72
76.72
76.72
76.72
76.72
76.72
76.72
76.72
76.72
76.72
76.72
76.72
76.72
76.72
76.72
76.72
76.72
76.72
76.72
76.72
76.72
76.72
76.72
76.72
76.72
76.72
76.72
76.72
76.72
76.72
76.72
76.72
76.72
76.72
76.72
76.72
76.72
76.72
76.72
76.72
76.72
76.72
76.72
76.72
76.72
76.72
76.72
76.72
76.72
76.72
76.72
76.72
76.72
76.72
76.72
76.72
76.72
76.72
76.72
76.72
76.72
76.72
76.72
76.72
76.72
76.72
76.72
76.72
76.72
76.72
76.72
76.72
76.72
76.72
76.72
76.72
76.72
76.72
76.72
76.72
76.72
76.72
76.72
76.72
76.72
76.72
76.72
76.72
76.72
76.72
76.72
76.72
76.72
76.72
76.72
76.72
76.72
76.72
76.72
76.72
76.72
76.72
76.72
76.72
76.72
76.72
76.72
76.72
76.72
76.72
76.72
76.72
76.72
76.72
76.72
76.72
76.72
76.72
76.72
76.72
76.72
76.72
76.72
76.72
76.72
76.72
76.72
76.72
76.72
76.72
76.72
76.72
76.72
76.72
76.72
76.72
76.72
76.72
76.72
76.72
76.72
76.72
76.72
76.72
76.72
76.72
76.72
76.72
76.72
76.72
76.72
76.72
76.72
76.72
76.72
76.72
76.72
76.72
76.72
76.72
76.72
76.72
76.72
76.72
76.72
76.72
76.72
76.72
76.72
76.72
76.72
76.72
76.72
76.72
76.72
76.72
76.72
76.72
76.72
76.72
76.72
76.72
76.72
76.72
76.72
76.72
76.72
76.72
76.72
76.72
76.72
76.72
76.72
76.72
76.72
76.72
76.72
76.72
76.72
76.72
76.72
76.72
76.72
76.72
76.72
76.72
76.72
76.72
76.72
76.72
76.72
76.72
76.72
76.72
76.72
76.72
76.72
76.72
76.72
76.72
76.72
76.72
76.72
76.72
76.72
76.72
76.72
76.72
76.72
76.72
76.72
76.72
76.72
76.72
76.72
76.72
76.72
76.72
76.72
76.72
76.72
76.72
76.72
76.72
76.72
76.72
76.72
76.72
76.72
76.72
76.72
76.72
76.72
76.72
76.72
76.72
76.72
76.72
76.72
76.72
76.72
76.72
76.72
76.72
76.72
76.72
76.72
76.72
76.72
76.72
76.72
76.72
76.72
76.72
76.72
76.72
76.72
76.72
76.72
76.72
76.72
76.72
76.72
76.72
76.72
76.72
76.72
76.72
76.72
76.72
76.72
76.72
76.72
76.72
76.72
76.72
76.72
76.72
76.72
76.72
76.72
76.72
76.72
76.72
76.72
76.72
76.72
76.72
76.72
76.72
76.72
76.72
76.72
76.72
76.72
76.72
76.72
76.72
76.72
76.72
76.72
76.72
76.72
76.72
76.72
76.72
76.72
76.72
76.72
76.72
76.72
76.72
76.72
76.72
76.72
76.72
76.72
76.72
76.72
76.72
76.72
76.72
76.72
76.72
76.72
76.72
76.72
76.72
76.72
76.72
76.72
76.72
76.72
76.72
76.72
76.72
76.72
76.72
76.72
76.72
76.72
76.72
76.72
76.72
76.72
76.72
76.72
76.72
76.72
76.72
76.72
76.72
76.72
76.72
76.72
76.72
76.72
76.72
76.72
76.72
76.72
76.72
76.72
76.72
76.72
76.72
76.72
76.72
76.72
76.72
76.72
76.72
76.72
76.72
76.72
76.72
76.72
76.72
76.72
76.72
76.72
76.72
76.72
76.72
76.72
76.72
76.72
76.72
76.72
76.72
76.72
76.72
76.72
76.72
76.72
76.72
76.72
76.72
76.72
76.72
76.72
76.72
76.72
76.72
76.72
76.72
76.72
76.72
76.72
76.72
76.72
76.72
76.72
76.72
76.72
76.72
76.72
76.72
76.72
76.72
76.72
76.72
76.72
76.72
76.72
76.72
76.72
76.72
76.72
76.72
76.72
76.72
76.72
76.72
76.72
76.72
76.72
76.72
76.72
76.72
76.72
76.72
76.72
76.72
76.72
76.72
76.72
76.72
76.72
76.72
76.72
76.72
76.72
76.72
76.72
76.72
76.72
76.72
76.72
76.72
76.72
76.72
76.72
76.72
76.72
76.72
76.72
76.72
76.72
76.72
76.72
76.72
76.72
76.72
76.72
76.72
76.72
76.72
76.72
76.72
76.72
76.72
76.72
76.72
76.72
76.72
76.72
76.72
76.72
76.72
76.72
76.72
76.72
76.72
76.72
76.72
76.72
76.72
76.73
76.73
76.75
76.76
76.81
76.82
76.84
76.85
76.86
76.86
76.89
76.9
76.94
76.94
76.97
76.97
76.99
76.99
77
77.02
77.06
77.07
77.09
77.09
77.1
77.1
77.13
77.14
77.14
77.14
77.16
77.2
77.21
77.22
77.22
77.28
77.31
77.33
77.33
77.34
77.37
77.38
77.4
77.41
77.41
77.44
77.47
77.48
77.53
77.53
77.54
77.56
77.58
77.61
77.61
77.66
77.67
77.73
77.74
77.74
77.77
77.77
77.78
77.79
77.82
77.82
77.84
77.84
77.86
77.9
77.93
77.96
77.98
78.04
78.06
78.1
78.11
78.12
78.16
78.16
78.17
78.2
78.21
78.22
78.22
78.23
78.27
78.28
78.34
78.34
78.39
78.41
78.45
78.45
78.46
78.46
78.47
78.48
78.49
78.54
78.55
78.58
78.59
78.59
78.64
78.64
78.66
78.66
78.69
78.7
78.77
78.79
78.83
78.84
78.86
78.87
78.87
78.97
78.98
78.98
79
79.03
79.04
79.04
79.11
79.13
79.14
79.15
79.15
79.16
79.17
79.19
79.22
79.22
79.22
79.24
79.26
79.26
79.3
79.35
79.38
79.4
79.42
79.45
79.47
79.47
79.47
79.5
79.52
79.53
79.54
79.54
79.63
79.63
79.64
79.66
79.66
79.69
79.72
79.73
79.74
79.74
79.77
79.78
79.83
79.84
79.97
79.99
8
8.18
8.44
8.51
8.62
8.62
8.66
8.78
8.93
8.98
80.01
80.03
80.04
80.05
80.07
80.07
80.18
80.19
80.21
80.24
80.28
80.3
80.3
80.33
80.35
80.39
80.39
80.41
80.47
80.49
80.53
80.55
80.55
80.58
80.61
80.61
80.63
80.64
80.66
80.68
80.69
80.7
80.76
80.78
80.85
80.89
80.91
80.92
80.95
80.97
80.99
81
81.03
81.04
81.05
81.07
81.09
81.1
81.11
81.11
81.13
81.14
81.17
81.17
81.23
81.25
81.26
81.27
81.3
81.31
81.33
81.34
81.35
81.41
81.45
81.46
81.47
81.49
81.51
81.53
81.59
81.62
81.64
81.65
81.72
81.73
81.74
81.76
81.78
81.78
81.8
81.84
81.86
81.88
81.91
81.91
81.92
81.93
81.95
81.99
82.03
82.05
82.05
82.09
82.11
82.11
82.12
82.15
82.17
82.2
82.23
82.24
82.26
82.27
82.27
82.31
82.37
82.4
82.41
82.41
82.41
82.44
82.47
82.5
82.53
82.59
82.59
82.61
82.63
82.64
82.64
82.66
82.72
82.74
82.75
82.79
82.82
82.84
82.86
82.9
82.91
82.93
82.95
83.01
83.02
83.04
83.04
83.11
83.12
83.18
83.22
83.27
83.28
83.28
83.3
83.34
83.34
83.35
83.39
83.41
83.55
83.56
83.59
83.6
83.6
83.65
83.69
83.72
83.73
83.74
83.78
83.78
83.78
83.82
83.87
83.91
83.91
83.91
83.97
84
84.01
84.06
84.06
84.21
84.23
84.26
84.28
84.34
84.38
84.41
84.43
84.43
84.47
84.48
84.54
84.57
84.59
84.6
84.65
84.68
84.71
84.74
84.78
84.96
84.98
85.05
85.06
85.08
85.11
85.22
85.24
85.25
85.26
85.28
85.28
85.32
85.34
85.34
85.34
85.34
85.34
85.34
85.34
85.34
85.34
85.34
85.34
85.34
85.34
85.34
85.34
85.34
85.34
85.34
85.34
85.34
85.34
85.34
85.34
85.34
85.34
85.34
85.34
85.34
85.34
85.34
85.34
85.34
85.34
85.34
85.34
85.34
85.34
85.34
85.34
85.34
85.34
85.34
85.34
85.34
85.34
85.34
85.34
85.34
85.34
85.34
85.34
85.34
85.34
85.34
85.34
85.34
85.34
85.34
85.34
85.34
85.34
85.34
85.34
85.34
85.34
85.34
85.34
85.34
85.34
85.34
85.34
85.34
85.34
85.34
85.34
85.34
85.34
85.34
85.34
85.34
85.34
85.34
85.34
85.34
85.34
85.34
85.34
85.34
85.34
85.34
85.34
85.34
85.34
85.34
85.34
85.34
85.34
85.34
85.34
85.34
85.34
85.34
85.34
85.34
85.34
85.34
85.34
85.34
85.34
85.34
85.34
85.34
85.34
85.34
85.34
85.34
85.34
85.34
85.34
85.34
85.34
85.34
85.34
85.34
85.34
85.34
85.34
85.34
85.34
85.34
85.34
85.34
85.34
85.34
85.34
85.34
85.34
85.34
85.34
85.34
85.34
85.34
85.34
85.34
85.34
85.34
85.34
85.34
85.34
85.34
85.34
85.34
85.34
85.34
85.34
85.34
85.34
85.34
85.34
85.34
85.34
85.34
85.34
85.34
85.34
85.34
85.34
85.34
85.34
85.34
85.34
85.34
85.34
85.34
85.34
85.34
85.34
85.34
85.34
85.34
85.34
85.34
85.34
85.34
85.34
85.34
85.34
85.34
85.34
85.34
85.34
85.34
85.34
85.34
85.34
85.34
85.34
85.34
85.34
85.34
85.34
85.34
85.34
85.34
85.34
85.34
85.34
85.34
85.34
85.34
85.34
85.34
85.34
85.34
85.34
85.34
85.34
85.34
85.34
85.34
85.34
85.34
85.34
85.34
85.34
85.34
85.34
85.34
85.34
85.34
85.34
85.34
85.34
85.34
85.34
85.34
85.34
85.34
85.34
85.34
85.34
85.34
85.34
85.34
85.34
85.34
85.34
85.34
85.34
85.34
85.34
85.34
85.34
85.34
85.34
85.34
85.34
85.34
85.34
85.34
85.34
85.34
85.34
85.34
85.34
85.34
85.34
85.34
85.34
85.34
85.34
85.34
85.34
85.34
85.34
85.34
85.34
85.34
85.34
85.34
85.34
85.34
85.34
85.34
85.34
85.34
85.34
85.34
85.34
85.34
85.34
85.34
85.34
85.34
85.34
85.34
85.34
85.34
85.34
85.34
85.34
85.34
85.34
85.34
85.34
85.34
85.34
85.34
85.34
85.34
85.34
85.34
85.34
85.34
85.34
85.34
85.34
85.34
85.34
85.34
85.34
85.34
85.34
85.34
85.34
85.34
85.34
85.34
85.34
85.34
85.34
85.34
85.34
85.34
85.34
85.34
85.34
85.34
85.34
85.34
85.34
85.34
85.34
85.34
85.34
85.34
85.34
85.34
85.34
85.34
85.34
85.34
85.34
85.34
85.34
85.34
85.34
85.34
85.34
85.34
85.34
85.34
85.34
85.34
85.34
85.34
85.34
85.34
85.34
85.34
85.34
85.34
85.34
85.34
85.34
85.34
85.34
85.34
85.34
85.34
85.34
85.34
85.34
85.34
85.34
85.34
85.34
85.34
85.34
85.34
85.34
85.34
85.34
85.34
85.34
85.34
85.34
85.34
85.34
85.34
85.34
85.34
85.34
85.34
85.34
85.34
85.34
85.34
85.34
85.34
85.34
85.34
85.34
85.34
85.34
85.34
85.34
85.34
85.34
85.34
85.34
85.34
85.34
85.34
85.34
85.34
85.34
85.34
85.34
85.34
85.34
85.34
85.34
85.34
85.34
85.34
85.34
85.34
85.34
85.34
85.34
85.34
85.34
85.34
85.34
85.34
85.34
85.34
85.34
85.34
85.34
85.34
85.34
85.34
85.34
85.34
85.34
85.34
85.34
85.34
85.34
85.34
85.34
85.34
85.34
85.34
85.34
85.34
85.34
85.34
85.34
85.34
85.34
85.34
85.34
85.34
85.34
85.34
85.34
85.34
85.34
85.34
85.34
85.34
85.34
85.34
85.34
85.34
85.34
85.34
85.34
85.34
85.34
85.34
85.34
85.34
85.34
85.34
85.34
85.34
85.34
85.34
85.34
85.34
85.34
85.34
85.34
85.34
85.34
85.34
85.34
85.34
85.34
85.34
85.34
85.34
85.34
85.34
85.34
85.34
85.34
85.34
85.34
85.34
85.34
85.34
85.34
85.34
85.34
85.34
85.34
85.34
85.34
85.34
85.34
85.34
85.34
85.34
85.34
85.34
85.34
85.34
85.34
85.34
85.34
85.34
85.34
85.34
85.34
85.34
85.34
85.34
85.34
85.34
85.34
85.34
85.34
85.34
85.34
85.34
85.34
85.34
85.34
85.34
85.34
85.34
85.34
85.34
85.34
85.34
85.34
85.34
85.34
85.34
85.34
85.34
85.34
85.34
85.34
85.34
85.34
85.34
85.34
85.34
85.34
85.34
85.34
85.34
85.34
85.34
85.34
85.34
85.34
85.34
85.34
85.34
85.34
85.34
85.34
85.34
85.34
85.34
85.34
85.34
85.34
85.34
85.34
85.34
85.34
85.34
85.34
85.34
85.34
85.34
85.34
85.34
85.34
85.34
85.34
85.34
85.34
85.34
85.34
85.34
85.34
85.34
85.34
85.34
85.34
85.34
85.34
85.34
85.34
85.34
85.34
85.34
85.34
85.34
85.34
85.34
85.34
85.34
85.34
85.34
85.34
85.34
85.34
85.34
85.34
85.34
85.34
85.34
85.34
85.34
85.34
85.34
85.34
85.34
85.34
85.34
85.34
85.34
85.34
85.34
85.34
85.34
85.34
85.34
85.34
85.34
85.34
85.34
85.34
85.34
85.34
85.34
85.34
85.34
85.34
85.34
85.34
85.34
85.34
85.34
85.34
85.34
85.34
85.34
85.34
85.34
85.34
85.34
85.34
85.34
85.34
85.34
85.34
85.34
85.34
85.34
85.34
85.34
85.34
85.34
85.34
85.34
85.34
85.34
85.34
85.34
85.34
85.34
85.34
85.34
85.34
85.34
85.34
85.34
85.34
85.34
85.34
85.34
85.34
85.34
85.34
85.34
85.34
85.34
85.34
85.34
85.34
85.34
85.34
85.34
85.34
85.34
85.34
85.34
85.34
85.34
85.34
85.34
85.34
85.34
85.34
85.34
85.34
85.34
85.34
85.34
85.34
85.34
85.34
85.34
85.34
85.34
85.34
85.34
85.34
85.34
85.34
85.34
85.34
85.34
85.34
85.34
85.34
85.34
85.34
85.34
85.34
85.34
85.34
85.34
85.34
85.34
85.34
85.34
85.34
85.34
85.34
85.34
85.34
85.34
85.34
85.34
85.34
85.34
85.34
85.34
85.34
85.34
85.34
85.34
85.34
85.34
85.34
85.34
85.34
85.34
85.34
85.34
85.34
85.34
85.34
85.34
85.34
85.34
85.34
85.34
85.34
85.34
85.34
85.34
85.34
85.34
85.34
85.34
85.34
85.34
85.34
85.34
85.34
85.34
85.44
85.53
85.56
85.57
85.61
85.63
85.65
85.77
85.82
85.83
85.83
86.01
86.03
86.03
86.09
86.14
86.16
86.17
86.21
86.21
86.21
86.21
86.21
86.21
86.21
86.21
86.21
86.21
86.21
86.21
86.21
86.21
86.21
86.21
86.21
86.21
86.21
86.21
86.21
86.21
86.21
86.21
86.21
86.21
86.21
86.21
86.21
86.21
86.23
86.23
86.24
86.28
86.29
86.33
86.34
86.42
86.5
86.51
86.53
86.64
86.66
86.69
86.72
86.73
86.79
86.8
86.85
86.86
86.87
86.92
86.96
86.97
87.1
87.12
87.14
87.25
87.26
87.28
87.34
87.36
87.42
87.47
87.49
87.49
87.51
87.52
87.55
87.56
87.58
87.6
87.63
87.63
87.64
87.67
87.68
87.74
87.75
87.75
87.78
87.78
87.88
87.89
87.91
87.94
87.94
87.99
88.03
88.04
88.04
88.06
88.13
88.15
88.18
88.25
88.27
88.27
88.27
88.3
88.32
88.34
88.38
88.41
88.42
88.47
88.47
88.48
88.52
88.65
88.68
88.68
88.69
88.69
88.74
88.76
88.84
88.91
88.93
88.95
88.99
89.01
89.1
89.14
89.16
89.16
89.3
89.31
89.32
89.37
89.41
89.41
89.41
89.42
89.45
89.45
89.47
89.56
89.57
89.59
89.72
89.74
89.79
89.92
9.03
9.03
9.09
9.09
9.15
9.22
9.31
9.32
9.37
9.41
9.47
9.49
9.59
9.63
9.74
9.8
9.85
90.09
90.1
90.13
90.15
90.16
90.18
90.19
90.22
90.22
90.26
90.27
90.29
90.31
90.33
90.37
90.39
90.41
90.41
90.48
90.49
90.53
90.53
90.57
90.59
90.66
90.67
90.72
90.74
90.9
90.9
90.91
90.92
91.01
91.03
91.06
91.09
91.09
91.24
91.25
91.27
91.28
91.28
91.32
91.37
91.38
91.47
91.49
91.62
91.65
91.68
91.76
91.78
91.8
91.84
91.85
91.96
91.99
92.03
92.07
92.08
92.1
92.14
92.16
92.19
92.2
92.26
92.39
92.43
92.44
92.46
92.47
92.53
92.56
92.75
92.95
93.03
93.13
93.17
93.24
93.27
93.28
93.29
93.3
93.31
93.32
93.45
93.5
93.53
93.56
93.59
93.62
93.65
93.71
93.75
93.76
93.77
93.81
93.82
93.82
93.87
93.9
93.95
93.98
94
94
94.01
94.03
94.06
94.12
94.15
94.23
94.28
94.32
94.37
94.46
94.47
94.47
94.51
94.51
94.54
94.59
94.61
94.66
94.72
94.77
94.77
94.79
94.87
94.93
95.22
95.23
95.24
95.27
95.29
95.31
95.31
95.41
95.47
95.6
95.66
95.66
95.68
95.7
95.76
954.86
96.02
96.04
96.1
96.1
96.14
96.16
96.4
96.41
96.64
96.66
96.69
96.69
96.72
96.78
96.82
96.86
97.04
97.17
97.3
97.37
97.42
97.47
97.54
97.66
97.66
97.69
97.84
97.87
97.94
97.95
97.97
98.09
98.12
98.14
98.16
98.34
98.38
98.4
98.41
98.46
98.51
98.58
98.59
98.59
98.65
98.71
98.73
98.78
98.82
98.91
99.06
99.3
99.34
99.57
99.6
99.61
99.62
99.91